1786287903.396386600 67028 14060
1786287903.646974014 460268 456324
1786287903.950083071 984588 948012
1786287904.275207630 1775592 1577116
1786287904.548843960 1775592 1644644
1786287904.828636996 1775592 1671236
1786287905.109457154 1775592 1685292
1786287905.422543884 1775592 1693048
1786287905.701193776 1775592 1697568
1786287905.974490191 1775592 1700444
1786287906.284757405 1775592 1702296
1786287906.578932369 1775592 1703644
1786287906.868859351 1775592 1704892
1786287907.158221719 1775592 1705712
1786287907.428342889 1775592 1706344
1786287907.712187656 1775592 1706800
1786287908.108672090 1775592 1707396
1786287908.474322064 1775592 1707928
1786287908.773141058 1775592 1708332
1786287909.052221295 1775592 1708748
1786287909.322632127 1775592 1709052
1786287909.588462971 1775592 1709184
1786287909.884028535 1775592 1709392
1786287910.177815468 1775592 1709596
1786287910.454282039 1775592 1709776
1786287910.740902552 1775592 1709964
1786287911.053261005 1775592 1710100
1786287911.357950964 1775592 1710200
1786287911.672388372 1775592 1710296
1786287912.027107033 1775592 1710436
1786287912.348850201 1775592 1710564
1786287912.625378481 1775592 1710700
1786287912.902709182 1775592 1710780
1786287913.241916788 1775592 1710916
1786287913.545984173 1775592 1711020
1786287913.835530405 1775592 1711128
1786287914.102636403 1775592 1711200
1786287914.383966957 1775592 1711260
1786287914.650257370 1775592 1711324
1786287914.924842462 1775592 1711404
1786287915.219406635 1775592 1711468
1786287915.482392338 1775592 1711520
1786287915.770900560 1775592 1711600
1786287916.043514979 1775592 1711728
1786287916.312269529 1775592 1711764
1786287916.602886219 1775592 1711820
1786287916.897985628 1775592 1711888
1786287917.186635450 1775592 1711924
1786287917.481915228 1775592 1711996
1786287917.759345294 1775592 1712084
1786287918.051737535 1775592 1712152
1786287918.342503121 1775592 1712188
1786287918.624542242 1775592 1712244
1786287918.913122877 1775592 1712336
1786287919.239677262 1775592 1712376
1786287919.529289657 1775592 1712420
1786287919.812335676 1775592 1712456
1786287920.088452214 1775592 1712476
1786287920.370633067 1775592 1712492
1786287920.644633363 1775592 1712504
1786287920.918410489 1775592 1712536
1786287921.225660772 1775592 1712552
1786287921.526074737 1775592 1712600
1786287921.855962353 1775592 1712660
1786287922.134657705 1775592 1712716
1786287922.425181345 1775592 1712780
1786287922.721580789 1775592 1712840
1786287923.000802120 1775592 1712904
1786287923.317776094 1775592 1712948
1786287923.614447685 1775592 1713020
1786287923.894820584 1775592 1713124
1786287924.192904848 1775592 1713292
1786287924.540609541 1775592 1713488
1786287924.818657677 1775592 1713584
1786287925.173546686 1775592 1713668
1786287925.455499759 1775592 1713724
1786287925.731517281 1775732 1712976
1786287926.016226588 1775732 1713076
1786287926.287244987 1775732 1713164
1786287926.575490111 1775732 1713224
1786287926.854587383 1775732 1713264
1786287927.139412252 1775732 1713304
1786287927.457346279 1775732 1713336
1786287927.751669892 1775732 1713356
1786287928.049863340 1775732 1713380
1786287928.382935110 1775732 1713408
1786287928.682549800 1775732 1713424
1786287929.004075060 1775732 1713460
1786287929.284996814 1775732 1713484
1786287929.575659787 1775732 1713496
1786287929.879016045 1775732 1713528
1786287930.153189041 1775732 1713540
1786287930.451619265 1775732 1713560
1786287930.734422526 1775732 1713572
1786287931.030329947 1775732 1713596
1786287931.348328352 1775732 1713628
1786287931.663114324 1775732 1713660
1786287931.942387023 1775732 1713680
1786287932.258506178 1775732 1713696
1786287932.558826923 1775732 1713708
1786287932.859187818 1775732 1713724
1786287933.143518039 1775732 1713744
1786287933.485012457 1775732 1713764
1786287933.826721711 1775732 1713784
1786287934.103955846 1775732 1713832
1786287934.387094586 1775732 1713848
1786287934.685234560 1775732 1713876
1786287934.964611398 1775732 1713904
1786287935.285787484 1775732 1713924
1786287935.580836278 1775732 1713944
1786287935.858992734 1775732 1713956
1786287936.147228609 1775732 1713980
1786287936.429359895 1775732 1713996
1786287936.711301038 1775732 1714016
1786287937.005655070 1775732 1714032
1786287937.329982186 1775732 1714060
1786287937.606982391 1775732 1714080
1786287937.922454379 1775732 1714104
1786287938.189840515 1775732 1714128
1786287938.463360165 1775732 1714152
1786287938.748156126 1775732 1714224
1786287939.018739435 1775732 1714256
1786287939.345766436 1775732 1714276
1786287939.662844768 1775732 1714308
1786287939.957579366 1775732 1714336
1786287940.230576768 1775732 1714352
1786287940.509743684 1775732 1714368
1786287940.775380040 1775732 1714384
1786287941.055743342 1775732 1714396
1786287941.368383576 1775732 1714408
1786287941.686329031 1775732 1714428
1786287941.951009525 1775732 1714452
1786287942.230277371 1775732 1714472
1786287942.512269157 1775732 1714500
1786287942.776847823 1775732 1714516
1786287943.044755310 1775732 1714536
1786287943.361506047 1775732 1714572
1786287943.690261080 1775732 1714632
1786287943.983411376 1775732 1714644
1786287944.254965782 1775732 1714668
1786287944.566083281 1775732 1714692
1786287944.848193698 1775732 1714720
1786287945.120597823 1775732 1714748
1786287945.406600764 1775732 1714768
1786287945.739572568 1775732 1714804
1786287946.057158370 1775732 1714820
1786287946.438340681 1775732 1714828
1786287946.748448951 1775732 1714856
1786287947.033627288 1775732 1714888
1786287947.267299692 67592 67592
