1786287982.629206709 1148588 563328
1786287982.878924961 1710232 953136
1786287983.118296639 1710232 1175072
1786287983.371156629 1710232 1294900
1786287983.621585989 1710232 1349584
1786287983.872915418 1710232 1374740
1786287984.131830895 1710232 1392544
1786287984.383546007 1710232 1403564
1786287984.648327852 1710232 1411116
1786287984.898257439 1710232 1416616
1786287985.162381945 1710232 1420904
1786287985.418984928 1710232 1425160
1786287985.667957323 1710232 1428312
1786287985.925421953 1710232 1431184
1786287986.177396067 1710232 1433244
1786287986.439683410 1710232 1434820
1786287986.694152513 1710232 1436740
1786287986.936596674 1710232 1438300
1786287987.193544544 1710232 1439544
1786287987.436711492 1710232 1440716
1786287987.682987691 1710232 1442140
1786287987.942170194 1710232 1443360
1786287988.189380674 1710232 1444756
1786287988.428739919 1710232 1445664
1786287988.688350308 1710232 1446496
1786287988.930220749 1710232 1447344
1786287989.188787826 1710232 1448068
1786287989.442314288 1710232 1448680
1786287989.689695072 1710232 1449260
1786287989.949758022 1710232 1449892
1786287990.213046849 1710232 1450288
1786287990.462211703 1710232 1450824
1786287990.709218611 1710232 1451432
1786287990.947649489 1710232 1451748
1786287991.205931435 1710232 1452024
1786287991.448654957 1710232 1452756
1786287991.697425402 1710232 1453200
1786287991.939442221 1710232 1453540
1786287992.191377590 1710232 1453996
1786287992.437561054 1710232 1454236
1786287992.700365058 1710232 1454568
1786287992.966247442 1710232 1454932
1786287993.211484659 1710232 1455232
1786287993.461554691 1710232 1455424
1786287993.711468518 1710232 1455860
1786287993.958012601 1710232 1456092
1786287994.204362282 1710232 1456336
1786287994.454406013 1710232 1456556
1786287994.713618748 1710232 1456796
1786287994.965833008 1710232 1457312
1786287995.229215660 1710232 1457560
1786287995.489000665 1710232 1457912
1786287995.746068038 1710232 1458116
1786287995.992079885 1710232 1458340
1786287996.234001795 1710232 1458628
1786287996.489050696 1710232 1458768
1786287996.736692274 1710232 1458960
1786287996.994539259 1710232 1459340
1786287997.252496943 1710232 1459752
1786287997.514256729 1710232 1459904
1786287997.758740235 1710232 1460184
1786287998.023988295 1710232 1460348
1786287998.287279477 1710232 1460476
1786287998.551099509 1710232 1460840
1786287998.817312225 1710232 1461124
1786287999.094434306 1710232 1461404
1786287999.344300229 1710232 1461720
1786287999.602134880 1710232 1462036
1786287999.863351799 1710232 1462200
1786288000.117848204 1710232 1462456
1786288000.375987538 1710232 1462608
1786288000.632633829 1710232 1463060
1786288000.880922890 1710232 1463228
1786288001.127631140 1710232 1463508
1786288001.396587700 1710232 1463844
1786288001.648918876 1710232 1464176
1786288001.912404634 1710232 1464400
1786288002.160892571 1710232 1464572
1786288002.419288113 1710232 1464900
1786288002.666174172 1710232 1465112
1786288002.927341097 1710232 1465264
1786288003.175864934 1710232 1465460
1786288003.431999994 1710232 1466544
1786288003.693467465 1710232 1467496
1786288003.940591721 1710232 1468836
1786288004.191914867 1710232 1469556
1786288004.451363058 1710232 1470028
1786288004.705297343 1710232 1470516
1786288004.964694147 1710232 1470692
1786288005.223154708 1710232 1471392
1786288005.474780561 1710784 1471560
1786288005.734767222 1710784 1472336
1786288005.981965151 1710784 1472784
1786288006.230021118 1710784 1473060
1786288006.487105651 1710784 1473664
1786288006.744965967 1710784 1473888
1786288006.991121030 1710784 1474064
1786288007.249173800 1710784 1474192
1786288007.491566100 1710784 1474296
1786288007.750939001 1710784 1474496
1786288008.016269813 1710784 1474572
1786288008.264755366 1710784 1474768
1786288008.531770069 1710784 1474840
1786288008.781593112 1710784 1474940
1786288009.028315034 1710784 1475044
1786288009.272299333 1710784 1475164
1786288009.515122042 1710784 1475252
1786288009.773969431 1710784 1475344
1786288010.014654085 1710784 1475380
1786288010.266502693 1710784 1475460
1786288010.506870788 1710784 1475632
1786288010.748148295 1710784 1475716
1786288010.991327715 1710784 1475856
1786288011.248328881 1710784 1475892
1786288011.494224391 1710784 1475972
1786288011.737031744 1710784 1476000
1786288011.993382115 1710784 1476076
1786288012.242036603 1710784 1476148
1786288012.486829434 1710784 1476200
1786288012.726892395 1710784 1476260
1786288012.967959487 1710784 1476316
1786288013.214855446 1710784 1476404
1786288013.455405101 1710784 1476636
1786288013.698085714 1710784 1476672
1786288013.939665676 1710784 1476852
1786288014.180441730 1710784 1476892
1786288014.435591953 1710784 1476992
1786288014.697901140 1710784 1477124
1786288014.942414939 1710784 1477184
1786288015.185183834 1710784 1477236
1786288015.438752511 1710784 1477320
1786288015.685262673 1710784 1477372
1786288015.927081073 1710784 1477488
1786288016.169271289 1710784 1477500
1786288016.431219974 1710784 1477700
1786288016.674090227 1710784 1477800
1786288016.916586173 1710784 1477832
1786288017.175181252 1710784 1477884
1786288017.419894492 1710784 1477968
1786288017.666805245 1710784 1478032
1786288017.919645557 1710784 1478264
1786288018.163848849 1710784 1478704
1786288018.404649989 1710784 1478848
1786288018.648543808 1710784 1478936
1786288018.891452607 1710784 1479132
1786288019.136585589 1710784 1479144
1786288019.380471094 1710784 1479224
1786288019.638116977 1710784 1479260
1786288019.882841866 1710784 1479324
1786288020.133626136 1710784 1479384
1786288020.384807305 1710784 1479500
1786288020.645184148 1710784 1479620
1786288020.896123110 1710784 1479640
1786288021.140397341 1710784 1479692
1786288021.388096927 1710784 1479724
1786288021.647526106 1710784 1479844
1786288021.908155018 1710784 1479864
1786288022.162157439 1710784 1479932
1786288022.412497548 1710784 1480004
1786288022.655103397 1710784 1480252
1786288022.902860141 1710784 1480488
1786288023.162885997 1710784 1480580
1786288023.403705878 1710784 1480660
1786288023.652323438 1710784 1480728
1786288023.899627226 1710784 1480828
1786288024.142606110 1710784 1480872
1786288024.382842822 1710784 1481044
1786288024.640472128 1710784 1481212
1786288024.886614543 1710784 1481288
1786288025.129064701 1710784 1481364
1786288025.378815751 1710784 1481524
1786288025.625834797 1710784 1481548
1786288025.871415625 1710784 1481644
1786288026.114824494 1710784 1481680
1786288026.359208004 1710784 1481712
1786288026.598848267 1710784 1481724
1786288026.839149153 1710784 1481808
1786288027.056872984 362952 305780
