1786288118.611360042 1028 4
1786288118.825259230 111728 105492
1786288119.039113166 111728 105704
1786288119.257453499 111728 105808
1786288119.478407002 111728 105896
1786288119.694926676 111728 105968
1786288119.908199958 111728 106008
1786288120.121300741 111728 106056
1786288120.334324552 111728 106084
1786288120.551446527 111728 106132
1786288120.767845414 111728 106168
1786288120.984226074 111728 106224
1786288121.199359791 111728 106252
1786288121.412962707 111728 106292
1786288121.626284187 111728 106320
1786288121.842036546 111728 106344
1786288122.059571622 111728 106364
1786288122.275836633 111728 106384
1786288122.495279479 111728 106428
1786288122.708987344 111728 106460
1786288122.921026016 111728 106492
1786288123.135500365 111728 106512
1786288123.350870597 111728 106536
1786288123.565443751 111728 106560
1786288123.781746325 111728 106580
1786288123.997508377 111728 106608
1786288124.211182957 111728 106632
1786288124.423924370 111728 106656
1786288124.641597019 111728 106676
1786288124.857476838 111728 106700
1786288125.072651203 111728 106716
1786288125.290450990 111728 106732
1786288125.505406196 111728 106744
1786288125.718065745 111728 106760
1786288125.931218368 111728 106772
1786288126.146218778 111728 106792
1786288126.360898701 111728 106804
1786288126.575905662 111728 106824
1786288126.789959324 111728 106848
1786288127.003016494 111728 106872
1786288127.216569377 111728 106892
1786288127.429457824 111728 106924
1786288127.646658969 111728 106940
1786288127.861791526 111728 106960
1786288128.080154895 111728 106984
1786288128.294578330 111728 107004
1786288128.508286590 111728 107024
1786288128.723474661 111728 107044
1786288128.942067005 111728 107064
1786288129.160937449 111728 107084
1786288129.375801952 111728 107104
1786288129.594181391 111728 107128
1786288129.809185111 111728 107148
1786288130.025729863 111728 107164
1786288130.247231170 111728 107188
1786288130.465050803 111728 107208
1786288130.685073481 111728 107232
1786288130.901850167 111728 107268
1786288131.116512258 111728 107316
1786288131.330042222 111728 107344
1786288131.542666253 111728 107364
1786288131.759965346 111728 107384
1786288131.973749920 111728 107412
1786288132.189220671 112752 107440
1786288132.402212464 112752 107468
1786288132.614684680 112752 107492
1786288132.827977072 112752 107512
1786288133.049220653 112752 107540
1786288133.267414637 112752 107564
1786288133.486158006 112752 107580
1786288133.700621315 112752 107596
1786288133.914575855 112752 107616
1786288134.131696849 112752 107632
1786288134.348538812 112752 107656
1786288134.563342106 112752 107672
1786288134.776687945 112752 107692
1786288134.990959816 112752 107720
1786288135.203882512 112752 107740
1786288135.416733848 112752 107760
1786288135.629976211 112752 107776
1786288135.845358524 112752 107796
1786288136.058756450 112752 107816
1786288136.271648491 112752 107832
1786288136.486877155 112752 107852
1786288136.700515107 112752 107872
1786288136.913545598 112752 107892
1786288137.126904746 112752 107908
1786288137.339569693 112752 107928
1786288137.551992582 112752 107952
1786288137.765292073 112752 107972
1786288137.977690897 112752 107996
1786288138.190755638 112752 108016
1786288138.403721126 112752 108036
1786288138.616042808 112752 108064
1786288138.828336302 112752 108092
1786288139.041517513 112752 108128
1786288139.254262760 112752 108144
1786288139.469264461 112752 108168
1786288139.682326105 112752 108192
1786288139.896204340 112752 108212
1786288140.112515703 112752 108232
1786288140.327655087 112752 108248
1786288140.542474884 112752 108264
1786288140.755576710 112752 108284
1786288140.968633889 112752 108300
1786288141.181860334 112752 108316
1786288141.395140949 112752 108328
1786288141.610534954 112752 108348
1786288141.824301873 112752 108372
1786288142.037820934 112752 108388
1786288142.250581453 112752 108408
1786288142.464449769 112752 108428
1786288142.680875868 112752 108444
1786288142.898099374 112752 108460
1786288143.118208014 112752 108472
1786288143.335959118 112752 108488
1786288143.550308030 112752 108512
1786288143.764754883 112752 108532
1786288143.977788863 112752 108552
