1786288083.391645557 3080 356
1786288083.604519187 112320 102468
1786288083.817566233 112320 102740
1786288084.030521483 112320 102864
1786288084.245674843 112320 102964
1786288084.458650224 112320 103020
1786288084.671865604 112320 103088
1786288084.884989626 112320 103144
1786288085.097991050 112320 103196
1786288085.311083502 112320 103248
1786288085.523792038 112320 103284
1786288085.736732741 112320 103364
1786288085.949376863 112320 103376
1786288086.161681530 112320 103408
1786288086.374552440 112320 103440
1786288086.587501685 112320 103460
1786288086.802909374 112320 103476
1786288087.016309092 112320 103496
1786288087.228678955 112320 103528
1786288087.441784644 112320 103564
1786288087.654615083 112320 103588
1786288087.867558648 112320 103612
1786288088.080999978 112320 103640
1786288088.294179844 112320 103660
1786288088.508756653 112320 103680
1786288088.723045321 112320 103700
1786288088.937097208 112320 103724
1786288089.151597483 112320 103748
1786288089.363911077 112320 103776
1786288089.577412780 112320 103800
1786288089.789726260 112320 103828
1786288090.002624836 112320 103844
1786288090.217800012 112320 103856
1786288090.431373622 112320 103868
1786288090.643861264 112320 103884
1786288090.859351413 112320 103896
1786288091.074655750 112320 103908
1786288091.287889997 112320 103924
1786288091.500215970 112320 103940
1786288091.712837008 112320 103952
1786288091.925383991 112320 103968
1786288092.137672781 112320 103984
1786288092.350229822 112320 103996
1786288092.562458221 112320 104020
1786288092.774693492 112320 104032
1786288092.987762249 112320 104048
1786288093.200042844 112320 104068
1786288093.413305884 112320 104084
1786288093.625327140 112320 104100
1786288093.838258150 112320 104116
1786288094.051319056 112320 104132
1786288094.263606738 112320 104152
1786288094.476153017 112320 104172
1786288094.690219192 112320 104188
1786288094.902860632 112320 104200
1786288095.116712579 112320 104208
1786288095.329882878 112320 104224
1786288095.542486281 112320 104244
1786288095.754947125 112320 104260
1786288095.967603024 112320 104276
1786288096.181708248 112320 104288
1786288096.394555899 112320 104304
1786288096.608335782 112320 104320
1786288096.821135827 112320 104336
1786288097.033320504 112320 104352
1786288097.245982872 112320 104376
1786288097.458674910 112320 104416
1786288097.672071406 112320 104436
1786288097.884981993 112320 104484
1786288098.100230337 112320 104508
1786288098.312506758 112320 104532
1786288098.526552528 112320 104544
1786288098.743217751 112320 104552
1786288098.964267517 112320 104580
1786288099.186655636 113344 104600
1786288099.402033139 113344 104628
1786288099.622392062 113344 104672
1786288099.842871055 113344 104680
1786288100.062730256 113344 104696
1786288100.281480712 113344 104704
1786288100.501790418 113344 104720
1786288100.714809091 113344 104736
1786288100.929896006 113344 104756
1786288101.146474997 113344 104768
1786288101.362989248 113344 104784
1786288101.579264460 113344 104796
1786288101.793490944 113344 104816
1786288102.008171869 113344 104824
1786288102.222801246 113344 104836
1786288102.441144761 113344 104848
1786288102.658027252 113344 104860
1786288102.873537121 113344 104868
1786288103.088126084 113344 104876
1786288103.305099173 113344 104888
1786288103.517979086 113344 104900
1786288103.734604942 113344 104920
1786288103.950956198 113344 104932
1786288104.165426458 113344 104944
1786288104.379841633 113344 104956
1786288104.592609201 113344 104972
1786288104.805063377 113344 104984
1786288105.019057905 113344 104996
1786288105.232858828 113344 105008
1786288105.446687111 113344 105024
1786288105.662045737 113344 105036
1786288105.876029746 113344 105048
1786288106.092326763 113344 105064
1786288106.306258622 113344 105072
1786288106.522971798 113344 105084
1786288106.738500575 113344 105096
1786288106.953359874 113344 105108
1786288107.167853966 113344 105116
1786288107.386943296 113344 105128
1786288107.602244556 113344 105140
1786288107.815777432 113344 105152
1786288108.028422729 113344 105160
1786288108.241934474 113344 105172
1786288108.458232655 113344 105184
1786288108.675190547 113344 105196
1786288108.896204250 113344 105204
1786288109.110343840 113344 105216
1786288109.326238137 113344 105228
1786288109.543752109 113344 105236
1786288109.758576553 113344 105248
1786288109.976699020 113344 105264
1786288110.192163388 113344 105280
1786288110.405930454 113344 105288
1786288110.620859242 113344 105300
1786288110.834942798 113344 105328
1786288111.050164440 113344 105340
1786288111.268503046 113344 105352
1786288111.486848755 113344 105368
1786288111.701606558 113344 105380
1786288111.914422139 113344 105396
1786288112.127935763 113344 105408
1786288112.347135215 113344 105420
1786288112.563591041 113344 105428
1786288112.780791816 113344 105440
1786288113.001945034 113344 105452
1786288113.216257849 113344 105460
1786288113.430838318 113344 105472
1786288113.645118976 113344 105484
1786288113.862735820 113344 105496
1786288114.077422505 113344 105504
1786288114.290346176 113344 105516
1786288114.503682848 113344 105528
1786288114.716855938 113344 105540
1786288114.931049501 113344 105556
1786288115.146483286 113344 105568
1786288115.361213035 113344 105580
1786288115.576687197 113344 105592
1786288115.793522687 113344 105604
1786288116.008470290 113344 105612
1786288116.221763524 113344 105624
1786288116.435354213 113344 105636
1786288116.650082953 113344 105648
1786288116.865439928 113344 105660
1786288117.081316954 113344 105672
1786288117.297882005 113344 105684
1786288117.511933982 113344 105696
1786288117.724846309 113344 105712
1786288117.940873404 113344 105724
1786288118.158450959 113344 105736
1786288118.374595285 113344 105756
