1786288144.425518074 112624 92496
1786288144.638063695 112624 94408
1786288144.850299346 112624 95232
1786288145.062447680 112624 95692
1786288145.277036780 112624 95924
1786288145.495926573 112624 96096
1786288145.713365011 112624 96252
1786288145.926881864 112624 96388
1786288146.141344881 112624 96492
1786288146.354851463 112624 96672
1786288146.567233004 112624 96816
1786288146.782036205 112624 96996
1786288146.995019978 112624 97104
1786288147.207178123 112624 97232
1786288147.419823014 112624 97300
1786288147.632496853 112624 97404
1786288147.845516926 112624 97468
1786288148.062356032 112624 97508
1786288148.275479840 112624 97580
1786288148.487621320 112624 97624
1786288148.701374186 112624 97668
1786288148.913376742 112624 97732
1786288149.125349470 112624 97840
1786288149.338605358 112624 97888
1786288149.552445068 112624 97920
1786288149.766743553 112624 97964
1786288149.981485566 112624 97996
1786288150.197064477 112624 98024
1786288150.409259185 112624 98056
1786288150.621254437 112624 98100
1786288150.834789208 112624 98152
1786288151.047470320 112624 98176
1786288151.263318666 112624 98216
1786288151.477248319 112624 98244
1786288151.689559611 112624 98332
1786288151.901263738 112624 98376
1786288152.115417854 112624 98436
1786288152.327934473 112624 98472
1786288152.539610806 112624 98532
1786288152.752548475 112624 98580
1786288152.965197229 112624 98604
1786288153.179100246 112624 98640
1786288153.391681231 112624 98688
1786288153.604929720 112624 98740
1786288153.818178623 112624 98780
1786288154.034831699 112624 98820
1786288154.247176703 112624 98864
1786288154.462820255 112624 98888
1786288154.675336105 112624 98984
1786288154.888349190 112624 99124
1786288155.100833457 112624 99204
1786288155.312951377 112624 99248
1786288155.525906812 112624 99284
1786288155.737908186 112956 98688
1786288155.952530727 112956 98744
1786288156.166171869 112956 98804
1786288156.379300773 112956 98848
1786288156.594802436 112956 98888
1786288156.808151611 112956 98920
1786288157.021112210 112956 98948
1786288157.234629651 112956 98964
1786288157.447592462 112956 98988
1786288157.660340729 112956 99012
1786288157.875973165 112956 99028
1786288158.090037055 112956 99052
1786288158.304202879 112956 99072
1786288158.518107644 112956 99092
1786288158.735343901 112956 99120
1786288158.952374969 112956 99136
1786288159.168876282 112956 99172
1786288159.381848910 112956 99192
1786288159.595684256 112956 99224
1786288159.808375896 112956 99244
1786288160.020678980 112956 99268
1786288160.236109318 112956 99288
1786288160.451718375 112956 99316
1786288160.669554310 112956 99332
1786288160.884654964 112956 99352
1786288161.096943470 112956 99372
1786288161.313321516 112956 99392
1786288161.525315153 112956 99416
1786288161.741184755 112956 99432
1786288161.955308319 112956 99460
1786288162.170896204 112956 99476
1786288162.383909659 112956 99496
1786288162.597796137 112956 99512
1786288162.811771446 112956 99540
1786288163.023595602 112956 99556
1786288163.240273558 112956 99592
1786288163.456826459 112956 99616
1786288163.670125684 112956 99640
1786288163.884062536 112956 99668
1786288164.096968911 112956 99692
1786288164.310551491 112956 99708
1786288164.522527763 112956 99728
1786288164.735834857 112956 99748
1786288164.948335730 112956 99768
1786288165.162278096 112956 99804
1786288165.377905672 112956 99816
1786288165.592859091 112956 99832
1786288165.806636305 112956 99856
1786288166.020777118 112956 99888
1786288166.233433375 112956 99912
1786288166.446151591 112956 99940
1786288166.659413099 112956 99968
1786288166.872518760 112956 99988
1786288167.085177797 112956 100016
1786288167.299789641 112956 100036
1786288167.512036005 112956 100064
1786288167.724226765 112956 100084
1786288167.937419451 112956 100100
1786288168.150549472 112956 100128
