1786288055.209174483 1709836 243256
1786288055.444487139 1709836 453372
1786288055.694520332 1709836 619888
1786288055.930889612 1709836 760812
1786288056.182460282 1709836 854060
1786288056.428764019 1709836 907000
1786288056.677457867 1709836 941300
1786288056.934097265 1709836 959960
1786288057.181039129 1709836 976620
1786288057.439585186 1709836 988556
1786288057.699661893 1709836 998012
1786288057.955307357 1709836 1004396
1786288058.210971114 1709836 1009464
1786288058.448202038 1709836 1015632
1786288058.697353947 1709836 1020888
1786288058.941072573 1709836 1025460
1786288059.182262532 1709836 1030168
1786288059.460618027 1709836 1034584
1786288059.753117955 1709836 1037804
1786288060.009098415 1709836 1040656
1786288060.278601380 1709836 1042472
1786288060.550586847 1709836 1044788
1786288060.831433293 1709836 1046972
1786288061.092674188 1709836 1049128
1786288061.372361096 1709836 1050788
1786288061.628534467 1709836 1052556
1786288061.889786728 1709836 1053896
1786288062.154304136 1709836 1055764
1786288062.410551758 1709836 1057616
1786288062.673054087 1709836 1059208
1786288062.934367944 1709836 1060800
1786288063.202944073 1709836 1062260
1786288063.464774484 1709836 1063716
1786288063.716929946 1709836 1064816
1786288063.974866902 1709836 1065944
1786288064.229931161 1709836 1067056
1786288064.478770930 1709836 1068156
1786288064.738262457 1709836 1069244
1786288064.986662246 1709836 1070792
1786288065.260617008 1709836 1071992
1786288065.511468840 1709836 1073092
1786288065.749397265 1709836 1074012
1786288065.987018747 1709836 1075136
1786288066.220600961 1709836 1076412
1786288066.453522250 1709836 1078188
1786288066.687984511 1709836 1079420
1786288066.918648080 1709836 1080584
1786288067.159166004 1709836 1082348
1786288067.393561305 1709836 1083604
1786288067.641577307 1709836 1084908
1786288067.892038078 1709836 1085984
1786288068.127106176 1709836 1087092
1786288068.366637186 1709836 1087920
1786288068.613237403 1709836 1088936
1786288068.870333482 1709836 1090044
1786288069.107104509 1709836 1090696
1786288069.339557247 1709836 1091804
1786288069.575111827 1709836 1092704
1786288069.806403109 1709836 1094696
1786288070.038791578 1709836 1098520
1786288070.312338490 1709836 1101360
1786288070.554248689 1709836 1103104
1786288070.785542372 1710396 1105420
1786288071.025483386 1710396 1107412
1786288071.260994697 1710396 1109016
1786288071.492527515 1710396 1110224
1786288071.726331716 1710396 1111328
1786288071.959749779 1710396 1112012
1786288072.194032199 1710396 1112580
1786288072.427665435 1710396 1113056
1786288072.663010126 1710396 1113540
1786288072.897165771 1710396 1114040
1786288073.131337695 1710396 1114516
1786288073.366194545 1710396 1115188
1786288073.602268976 1710396 1115544
1786288073.851610205 1710396 1116292
1786288074.084961952 1710396 1116716
1786288074.319328754 1710396 1117340
1786288074.553938306 1710396 1117752
1786288074.788444431 1710396 1118096
1786288075.022925082 1710396 1118356
1786288075.256315071 1710396 1118652
1786288075.489556472 1710396 1119416
1786288075.722199784 1710396 1119764
1786288075.984055674 1710396 1120156
1786288076.220173804 1710396 1120564
1786288076.476333373 1710396 1120848
1786288076.729943060 1710396 1121100
1786288076.995671328 1710396 1121512
1786288077.254745070 1710396 1121756
1786288077.520285788 1710396 1122044
1786288077.778368917 1710396 1122328
1786288078.023091225 1710396 1122580
1786288078.265771446 1710396 1122776
1786288078.497275849 1710396 1123104
1786288078.730635495 1710396 1123468
1786288078.960609417 1710396 1124832
1786288079.195973865 1710396 1125012
1786288079.426299835 1710396 1125368
1786288079.657880385 1710396 1125572
1786288079.904771208 1710396 1125852
1786288080.138117560 1710396 1126120
1786288080.371110354 1710396 1126456
1786288080.602108424 1710396 1126640
1786288080.834638879 1710396 1127000
1786288081.066356031 1710396 1127200
1786288081.297807013 1710396 1127644
1786288081.528439712 1710396 1128344
1786288081.759162719 1710396 1128644
1786288081.991583488 1710396 1129076
1786288082.223028674 1710396 1129584
1786288082.455403975 1710396 1129984
1786288082.688252707 1710396 1130268
1786288082.921281725 1710396 1130452
1786288083.147600253 1186076 815012
