1786288027.514744725 656428 598400
1786288027.767344705 1315928 1246092
1786288028.006461627 1709168 1561212
1786288028.254208486 1709168 1603264
1786288028.520015152 1709168 1619852
1786288028.781226809 1709168 1628128
1786288029.055059593 1709168 1632868
1786288029.316716435 1709168 1635728
1786288029.584973159 1709168 1637820
1786288029.828320905 1709168 1639312
1786288030.069185432 1709168 1640316
1786288030.310391693 1709168 1641000
1786288030.560141127 1709168 1641460
1786288030.806505357 1709168 1642092
1786288031.060590901 1709168 1642656
1786288031.320667085 1709168 1643048
1786288031.570790301 1709168 1643360
1786288031.833617742 1709168 1643620
1786288032.098513618 1709168 1643808
1786288032.367720154 1709168 1644012
1786288032.613126030 1709168 1644184
1786288032.857899034 1709168 1644348
1786288033.104875554 1709168 1644492
1786288033.359430989 1709168 1644664
1786288033.602264409 1709168 1644780
1786288033.870507027 1709168 1644856
1786288034.134776465 1709168 1644948
1786288034.377865992 1709168 1645024
1786288034.623044745 1709168 1645128
1786288034.867729764 1709168 1645292
1786288035.127361331 1709168 1645332
1786288035.372450998 1709168 1645392
1786288035.623537277 1709168 1645456
1786288035.886544121 1709168 1645500
1786288036.129730483 1709168 1645592
1786288036.393910197 1709168 1645720
1786288036.637846751 1709168 1645796
1786288036.886155042 1709168 1645904
1786288037.152316102 1709168 1645952
1786288037.403524773 1709168 1646016
1786288037.643806567 1709168 1646092
1786288037.886604376 1709168 1646132
1786288038.140800044 1709168 1646200
1786288038.413772867 1709168 1646276
1786288038.676076528 1709168 1646336
1786288038.944209585 1709168 1646416
1786288039.210478066 1709168 1646488
1786288039.460898287 1709168 1646528
1786288039.714392865 1709168 1646600
1786288039.969113328 1709168 1646800
1786288040.223323719 1709168 1647052
1786288040.489404401 1709168 1647160
1786288040.740095175 1709168 1647248
1786288041.002074075 1709168 1647388
1786288041.260324233 1710192 1647528
1786288041.508875499 1710192 1647632
1786288041.761083811 1710192 1647716
1786288042.024046818 1710192 1647764
1786288042.290852718 1710192 1647800
1786288042.544587786 1710192 1647832
1786288042.802766222 1710192 1647876
1786288043.065157279 1710192 1647908
1786288043.324384638 1710192 1647944
1786288043.593444478 1710192 1647980
1786288043.848848296 1710192 1648004
1786288044.112882344 1710192 1648028
1786288044.361357035 1710192 1648052
1786288044.613311540 1710192 1648084
1786288044.863494140 1710192 1648116
1786288045.129014599 1710192 1648140
1786288045.400151279 1710192 1648164
1786288045.649155403 1710192 1648188
1786288045.903353178 1710192 1648208
1786288046.169369419 1710192 1648240
1786288046.413607793 1710192 1648292
1786288046.670993547 1710192 1648320
1786288046.919235360 1710192 1648364
1786288047.184684643 1710192 1648396
1786288047.451922778 1710192 1648416
1786288047.696229643 1710192 1648444
1786288047.959827775 1710192 1648476
1786288048.206672208 1710192 1648504
1786288048.458068253 1710192 1648532
1786288048.719975065 1710192 1648564
1786288048.961754323 1710192 1648596
1786288049.203235912 1710192 1648636
1786288049.444405699 1710192 1648712
1786288049.691006094 1710192 1648760
1786288049.976438397 1710192 1648792
1786288050.237582396 1710192 1648808
1786288050.510161875 1710192 1648840
1786288050.754666834 1710192 1648856
1786288050.997083701 1710192 1648888
1786288051.245588596 1710192 1648912
1786288051.493451820 1710192 1648948
1786288051.741821960 1710192 1648968
1786288051.986047436 1710192 1648992
1786288052.232747063 1710192 1649032
1786288052.491336966 1710192 1649092
1786288052.755902681 1710192 1649124
1786288052.997972072 1710192 1649152
1786288053.248490865 1710192 1649188
1786288053.513347130 1710192 1649216
1786288053.766843736 1710192 1649260
1786288054.014726813 1710192 1649280
1786288054.263311199 1710192 1649304
1786288054.511471225 1710192 1649328
1786288054.742637111 661552 600712
