1786287947.535773942 1775372 1060
1786287947.784887608 1775372 208892
1786287948.055175023 1775372 419348
1786287948.306510849 1775372 597308
1786287948.572044726 1775372 733036
1786287948.825875695 1775372 823964
1786287949.086248228 1775372 883432
1786287949.323804803 1775372 926896
1786287949.557906524 1775372 958604
1786287949.832334912 1775372 978368
1786287950.113799893 1775372 989180
1786287950.389799462 1775372 1000044
1786287950.649616519 1775372 1008432
1786287950.918724184 1775372 1016648
1786287951.215958014 1775372 1021972
1786287951.508866338 1775372 1028396
1786287951.771629747 1775372 1033020
1786287952.030842367 1775372 1036540
1786287952.292067851 1775372 1041296
1786287952.562126222 1775372 1045044
1786287952.827072666 1775372 1049212
1786287953.101381187 1775372 1052808
1786287953.373906297 1775372 1055420
1786287953.646216919 1775372 1058192
1786287953.943189648 1775372 1060364
1786287954.213117119 1775372 1062696
1786287954.495477146 1775372 1064908
1786287954.759234046 1775372 1067168
1786287955.070433792 1775372 1069088
1786287955.345445161 1775372 1070644
1786287955.606355374 1775372 1071980
1786287955.878663126 1775372 1073716
1786287956.177526747 1775372 1075340
1786287956.443960722 1775372 1076888
1786287956.714594052 1775372 1078252
1786287956.981165479 1775372 1079352
1786287957.271641983 1775372 1080744
1786287957.536079199 1775372 1082092
1786287957.807038483 1775372 1083020
1786287958.070050622 1775372 1084112
1786287958.350660992 1775372 1085284
1786287958.629478680 1775372 1086316
1786287958.886927610 1775372 1087176
1786287959.159889673 1775372 1088724
1786287959.455975553 1775372 1089956
1786287959.711059113 1775372 1090948
1786287959.989460637 1775372 1091916
1786287960.258438015 1775372 1092784
1786287960.534094206 1775372 1093480
1786287960.796957119 1775372 1094184
1786287961.065282484 1775372 1095496
1786287961.337071675 1775372 1096640
1786287961.605009446 1775372 1097664
1786287961.869280159 1775372 1098476
1786287962.127036528 1775372 1099676
1786287962.410744686 1775372 1100892
1786287962.689549590 1775372 1101872
1786287962.955718765 1775372 1102776
1786287963.245409681 1775372 1103512
1786287963.534286895 1775372 1104308
1786287963.796925670 1775372 1105076
1786287964.065867793 1775372 1105700
1786287964.330025631 1775372 1106500
1786287964.592778993 1775372 1107216
1786287964.892912859 1775372 1108144
1786287965.157447480 1775372 1108804
1786287965.421930057 1775372 1109492
1786287965.734699252 1775372 1110392
1786287966.015050182 1775372 1110832
1786287966.292661149 1775372 1111408
1786287966.573118187 1775372 1112900
1786287966.851116992 1775372 1115108
1786287967.117411277 1775372 1117796
1786287967.381939331 1775372 1119884
1786287967.655138945 1775372 1121604
1786287967.923124492 1775372 1122644
1786287968.186236907 1775372 1124344
1786287968.454167428 1775944 1125480
1786287968.717228499 1775944 1126912
1786287968.987991465 1775944 1127996
1786287969.250181375 1775944 1129128
1786287969.513821372 1775944 1129616
1786287969.770742261 1775944 1130580
1786287970.011142721 1775944 1131296
1786287970.251092399 1775944 1131888
1786287970.490682012 1775944 1132452
1786287970.731522247 1775944 1133092
1786287970.972515331 1775944 1133624
1786287971.218489724 1775944 1133872
1786287971.474293133 1775944 1134252
1786287971.708410163 1775944 1134932
1786287971.951611892 1775944 1135480
1786287972.188384335 1775944 1136016
1786287972.428026402 1775944 1136504
1786287972.664406706 1775944 1136824
1786287972.903949975 1775944 1137220
1786287973.156431709 1775944 1137468
1786287973.397432038 1775944 1137880
1786287973.631416506 1775944 1138200
1786287973.867995617 1775944 1138928
1786287974.164667519 1775944 1139304
1786287974.444047777 1775944 1139632
1786287974.684652262 1775944 1139960
1786287974.918235113 1775944 1140364
1786287975.152536180 1775944 1140748
1786287975.386611218 1775944 1141088
1786287975.618933811 1775944 1141452
1786287975.852255329 1775944 1141700
1786287976.084925830 1775944 1142076
1786287976.333565077 1775944 1142376
1786287976.574844543 1775944 1142712
1786287976.809311319 1775944 1143596
1786287977.045684617 1775944 1144480
1786287977.281765351 1775944 1144980
1786287977.514641316 1775944 1145188
1786287977.747246593 1775944 1145444
1786287977.982535777 1775944 1145628
1786287978.216260797 1775944 1145948
1786287978.467130634 1775944 1146160
1786287978.712892999 1775944 1146340
1786287978.950315540 1775944 1146644
1786287979.200853170 1775944 1146780
1786287979.437297053 1775944 1146992
1786287979.689300020 1775944 1147796
1786287979.929206122 1775944 1148152
1786287980.178738983 1775944 1148360
1786287980.422799364 1775944 1148656
1786287980.679572040 1775944 1148896
1786287980.920343311 1775944 1149300
1786287981.165927492 1775944 1149452
1786287981.411665196 1775944 1149820
1786287981.663609562 1775944 1150020
1786287981.903164179 1775944 1150204
1786287982.151138790 1775944 1150404
