1786287845.302148895 951472 469316
1786287845.579728158 1774900 913996
1786287845.847609288 1774900 1159080
1786287846.111147634 1774900 1304720
1786287846.388918571 1774900 1377300
1786287846.682480110 1774900 1412876
1786287847.096707582 1774900 1435440
1786287847.424626517 1774900 1454996
1786287847.706328988 1774900 1462796
1786287847.983897399 1774900 1467716
1786287848.264616174 1774900 1472132
1786287848.552114938 1774900 1475468
1786287848.828635263 1774900 1479252
1786287849.106943618 1774900 1481812
1786287849.403070355 1774900 1484556
1786287849.685289100 1774900 1486320
1786287849.961658059 1774900 1488076
1786287850.255106981 1774900 1489616
1786287850.543155318 1774900 1491820
1786287850.820753870 1774900 1493296
1786287851.114400663 1774900 1494348
1786287851.383696332 1774900 1495624
1786287851.667230624 1774900 1496980
1786287851.935542501 1774900 1498040
1786287852.209345833 1774900 1499320
1786287852.483762928 1774900 1500292
1786287852.762116097 1774900 1501016
1786287853.034558070 1774900 1501724
1786287853.322336901 1774900 1502596
1786287853.719418210 1774900 1503332
1786287854.015119354 1774900 1503892
1786287854.296865615 1774900 1504368
1786287854.612812111 1774900 1504876
1786287854.897711237 1774900 1505300
1786287855.177562795 1774900 1505812
1786287855.464975963 1774900 1506300
1786287855.747087252 1774900 1506616
1786287856.032493772 1774900 1506936
1786287856.337173420 1774900 1507168
1786287856.610903196 1774900 1507768
1786287856.899715339 1774900 1508228
1786287857.179054407 1774900 1508468
1786287857.459658844 1774900 1508788
1786287857.743160994 1774900 1509264
1786287858.149253808 1774900 1509540
1786287858.441662288 1774900 1510104
1786287858.717504330 1774900 1510360
1786287858.981537246 1774900 1510648
1786287859.270285982 1774900 1510992
1786287859.543752949 1774900 1511304
1786287859.819095213 1774900 1511536
1786287860.093254209 1774900 1511776
1786287860.424616354 1774900 1511980
1786287860.753802639 1774900 1512188
1786287861.044375034 1774900 1512348
1786287861.327599548 1774900 1512880
1786287861.618143464 1774900 1513040
1786287861.904812099 1774900 1513360
1786287862.170353598 1774900 1513464
1786287862.442176559 1774900 1513640
1786287862.716949163 1774900 1513884
1786287862.994683788 1774900 1514120
1786287863.251680446 1774900 1514316
1786287863.496475206 1774900 1514536
1786287863.777086664 1774900 1514912
1786287864.071843769 1774900 1515260
1786287864.360903010 1774900 1515512
1786287864.639083170 1774900 1515720
1786287864.929534455 1774900 1515952
1786287865.228226164 1774900 1516152
1786287865.514497225 1774900 1516292
1786287865.790953476 1774900 1516732
1786287866.061579912 1774900 1517000
1786287866.350729983 1774900 1517228
1786287866.645150958 1774900 1517540
1786287866.923866093 1774900 1517796
1786287867.237230008 1774900 1517956
1786287867.538745228 1774900 1518184
1786287867.832419206 1774900 1518360
1786287868.125053591 1774900 1518620
1786287868.409504756 1774900 1518884
1786287868.759164337 1774900 1519144
1786287869.033667930 1774900 1519512
1786287869.334156532 1774900 1519740
1786287869.649764585 1774900 1520020
1786287869.927075669 1774900 1520188
1786287870.199219202 1774900 1520360
1786287870.480992814 1774900 1520676
1786287870.763919923 1774900 1520916
1786287871.052099985 1774900 1521020
1786287871.330747842 1774900 1521228
1786287871.609282901 1774900 1521332
1786287871.895775091 1774900 1522512
1786287872.194617345 1774900 1523524
1786287872.487935769 1774900 1524964
1786287872.765782698 1774900 1525704
1786287873.061587975 1774900 1526064
1786287873.355318078 1774900 1526644
1786287873.633969031 1774900 1526876
1786287873.931482978 1774900 1527020
1786287874.212201165 1774900 1527748
1786287874.535218279 1775924 1528240
1786287874.828139992 1775924 1528912
1786287875.124218524 1775924 1529224
1786287875.406225441 1775924 1529720
1786287875.677466406 1775924 1529948
1786287875.949218833 1775924 1530520
1786287876.276529978 1775924 1530764
1786287876.575484825 1775924 1530880
1786287876.897160878 1775924 1531064
1786287877.197083178 1775924 1531120
1786287877.464810814 1775924 1531284
1786287877.736554586 1775924 1531416
1786287878.004606206 1775924 1531496
1786287878.299738069 1775924 1531656
1786287878.630387677 1775924 1531776
1786287878.937018811 1775924 1531860
1786287879.219361776 1775924 1531920
1786287879.494043332 1775924 1532044
1786287879.785056433 1775924 1532124
1786287880.059299517 1775924 1532220
1786287880.332808804 1775924 1532300
1786287880.620314603 1775924 1532344
1786287880.886932995 1775924 1532412
1786287881.195302643 1775924 1532588
1786287881.481985398 1775924 1532688
1786287881.756581632 1775924 1532800
1786287882.082940706 1775924 1532864
1786287882.365743397 1775924 1532928
1786287882.653771549 1775924 1532960
1786287882.941737006 1775924 1532996
1786287883.239131169 1775924 1533060
1786287883.515219203 1775924 1533152
1786287883.789876743 1775924 1533240
1786287884.045546190 1775924 1533296
1786287884.289245962 1775924 1533416
1786287884.530764087 1775924 1533628
1786287884.818391941 1775924 1533684
1786287885.144441716 1775924 1533804
1786287885.421259385 1775924 1533848
1786287885.694213629 1775924 1533940
1786287885.984549456 1775924 1534052
1786287886.251143589 1775924 1534132
1786287886.536049780 1775924 1534192
1786287886.845103426 1775924 1534244
1786287887.114049303 1775924 1534324
1786287887.392641785 1775924 1534336
1786287887.677519269 1775924 1534380
1786287887.959874483 1775924 1534468
1786287888.253417930 1775924 1534500
1786287888.539635167 1775924 1534540
1786287888.833863278 1775924 1534716
1786287889.116908772 1775924 1534812
1786287889.435062087 1775924 1534856
1786287889.745724842 1775924 1534896
1786287890.017803199 1775924 1534988
1786287890.349568065 1775924 1535040
1786287890.665995257 1775924 1535072
1786287890.943345292 1775924 1535444
1786287891.232313494 1775924 1535752
1786287891.517625761 1775924 1535916
1786287891.796923696 1775924 1535980
1786287892.081957153 1775924 1536204
1786287892.364024482 1775924 1536252
1786287892.642970060 1775924 1536320
1786287892.933990158 1775924 1536340
1786287893.231167590 1775924 1536372
1786287893.513784683 1775924 1536420
1786287893.805386657 1775924 1536444
1786287894.071872980 1775924 1536540
1786287894.375930760 1775924 1536624
1786287894.726723152 1775924 1536732
1786287895.007404107 1775924 1536752
1786287895.304153723 1775924 1536780
1786287895.590298267 1775924 1536812
1786287895.879619530 1775924 1536840
1786287896.166241687 1775924 1536960
1786287896.458205247 1775924 1536964
1786287896.741929624 1775924 1537004
1786287897.015838251 1775924 1537056
1786287897.320162508 1775924 1537128
1786287897.605587773 1775924 1537452
1786287897.886980484 1775924 1537692
1786287898.189553274 1775924 1537708
1786287898.493295295 1775924 1537796
1786287898.762546600 1775924 1537828
1786287899.069066250 1775924 1537928
1786287899.343293891 1775924 1538004
1786287899.620553150 1775924 1538040
1786287899.910305820 1775924 1538084
1786287900.207512106 1775924 1538176
1786287900.490532368 1775924 1538424
1786287900.770621547 1775924 1538480
1786287901.074819491 1775924 1538576
1786287901.367546478 1775924 1538744
1786287901.657411068 1775924 1538808
1786287901.957649598 1775924 1538864
1786287902.239382954 1775924 1538900
1786287902.540916817 1775924 1538928
1786287902.790570615 1775924 1538948
1786287903.099691835 1775924 1539032
