1786287787.953469093 112144 102700
1786287788.184602260 112144 103872
1786287788.412650857 112144 104212
1786287788.668823493 112144 104508
1786287788.910070215 112144 104628
1786287789.162719765 112144 104720
1786287789.388648933 112144 104812
1786287789.620076521 112144 104876
1786287789.857918754 112144 104908
1786287790.086408100 112144 104952
1786287790.324242871 112144 104976
1786287790.553936888 112144 104984
1786287790.780554395 112144 105012
1786287791.004314192 112144 105048
1786287791.225159344 112144 105072
1786287791.451518863 112144 105088
1786287791.682614138 112144 105132
1786287791.911331341 112144 105148
1786287792.139032845 112144 105192
1786287792.370250805 112144 105224
1786287792.599925061 112144 105240
1786287792.851030895 112144 105260
1786287793.091016201 112144 105284
1786287793.334950548 112144 105308
1786287793.567022615 112144 105332
1786287793.795796878 112144 105360
1786287794.024101343 112144 105368
1786287794.256871760 112144 105384
1786287794.492064920 112144 105416
1786287794.730535567 112144 105432
1786287794.974343584 112144 105448
1786287795.204317467 112144 105472
1786287795.442413909 112144 105492
1786287795.728975245 112144 105508
1786287795.969509144 112144 105532
1786287796.193681893 112144 105568
1786287796.425075940 112144 105660
1786287796.649380040 112144 105708
1786287796.871432658 112144 105744
1786287797.094930102 112144 105784
1786287797.346389914 112144 105804
1786287797.578946559 112144 105824
1786287797.805056936 112144 105844
1786287798.033174740 112144 105868
1786287798.265547675 112144 105900
1786287798.493356664 112144 105920
1786287798.719268104 112144 105940
1786287798.936037714 112144 105956
1786287799.170349656 112144 105972
1786287799.406516932 112144 105992
1786287799.636744557 112144 106008
1786287799.867143344 112144 106020
1786287800.100351558 112144 106036
1786287800.325072358 112144 106052
1786287800.579616937 112144 106072
1786287800.816469338 112144 106100
1786287801.065138910 112144 106120
1786287801.286939160 112144 106136
1786287801.518372776 112144 106152
1786287801.746151414 112144 106168
1786287801.969880190 112144 106188
1786287802.226519181 110700 104768
1786287802.459639690 112752 105808
1786287802.689944908 112752 105824
1786287802.929118915 112752 105840
1786287803.163098596 112752 105856
1786287803.403659760 112752 105876
1786287803.649233948 112752 105892
1786287803.877351160 112752 105908
1786287804.103970551 112752 105928
1786287804.330169212 112752 105944
1786287804.570294651 112752 105960
1786287804.798313562 112752 105976
1786287805.054690561 112752 106000
1786287805.282880615 112752 106020
1786287805.512960947 112752 106036
1786287805.745927057 112752 106052
1786287805.978262151 112752 106068
1786287806.210571817 112752 106100
1786287806.446268555 112752 106120
1786287806.677997943 112752 106136
1786287806.924133367 112752 106168
1786287807.161601978 112752 106252
1786287807.392550839 112752 106268
1786287807.627206757 112752 106284
1786287807.872731928 112752 106296
1786287808.095668722 112752 106312
1786287808.339935473 112752 106328
1786287808.577481030 112752 106352
1786287808.809118625 112752 106368
1786287809.035923408 112752 106388
1786287809.272323176 112752 106408
1786287809.498130824 112752 106424
1786287809.731937284 112752 106440
1786287809.966469631 112752 106452
1786287810.216807335 112752 106464
1786287810.461550712 112752 106480
1786287810.708452363 112752 106492
1786287810.951019545 112752 106520
1786287811.176432850 112752 106540
1786287811.402095830 112752 106556
1786287811.634983871 112752 106572
1786287811.872123664 112752 106588
1786287812.094152772 112752 106608
1786287812.338659293 112752 106624
1786287812.565102733 112752 106636
1786287812.806780335 112752 106652
1786287813.037055992 112752 106668
1786287813.296302187 112752 106692
1786287813.528120778 112752 106708
1786287813.764377564 112752 106728
1786287813.986164048 112752 106748
1786287814.216355153 112752 106760
1786287814.448018327 112752 106772
1786287814.674330134 112752 106784
1786287814.915460317 112752 106800
1786287815.165315387 112752 106816
1786287815.411022159 112752 106840
1786287815.673320935 112752 106856
1786287815.907719276 112752 106872
1786287816.151396853 112752 106888
1786287816.409750708 112752 106908
1786287816.641180216 112752 106924
