1786287716.731866378 1709584 107420
1786287717.004695980 1709584 195796
1786287717.239877080 1709584 246056
1786287717.478137285 1709584 275584
1786287717.731510480 1709584 318968
1786287717.972555343 1709584 363648
1786287718.229598443 1709584 397504
1786287718.475883106 1709584 447672
1786287718.722354835 1709584 482088
1786287718.970359114 1709584 501940
1786287719.225113833 1709584 527596
1786287719.470951219 1709584 541956
1786287719.728378853 1709584 553444
1786287719.976540366 1709584 564816
1786287720.232400093 1709584 583244
1786287720.507462203 1709584 602476
1786287720.760091734 1709584 632400
1786287721.010142441 1709584 658156
1786287721.255261992 1709584 676064
1786287721.515214428 1709584 691504
1786287721.778471090 1709584 710304
1786287722.035674344 1709584 724732
1786287722.313342819 1709584 734700
1786287722.561526691 1709584 744096
1786287722.812413152 1709584 752604
1786287723.086974904 1709584 768684
1786287723.361325614 1709584 781940
1786287723.620044525 1709584 787404
1786287723.885707509 1709584 794036
1786287724.136866022 1709584 805260
1786287724.388141382 1709584 810316
1786287724.648405769 1709584 821300
1786287724.943011298 1709584 829396
1786287725.249230762 1709584 833904
1786287725.537287050 1709584 837528
1786287725.789772926 1709584 846708
1786287726.051315828 1709584 857048
1786287726.352447952 1709584 863640
1786287726.603063828 1709584 871032
1786287726.868263587 1709584 873860
1786287727.116872026 1709584 875864
1786287727.382017897 1709584 881360
1786287727.630653750 1709584 885064
1786287727.885646354 1709584 889000
1786287728.148529867 1709584 891568
1786287728.406374475 1709584 894932
1786287728.658446549 1709584 897600
1786287728.898928643 1709584 900872
1786287729.140013359 1709584 904396
1786287729.434076757 1709584 909620
1786287729.708312267 1709584 912916
1786287729.977484267 1709584 916496
1786287730.237205423 1709584 919216
1786287730.494869613 1709584 923168
1786287730.771261283 1709584 925364
1786287731.029813781 1709584 927444
1786287731.300327151 1709584 929004
1786287731.557470463 1709584 931716
1786287731.828234786 1708140 932524
1786287732.107633849 1710192 936004
1786287732.371525875 1710192 938620
1786287732.641042843 1710192 940804
1786287732.945973160 1710192 942624
1786287733.218172498 1710192 944752
1786287733.522998256 1710192 946868
1786287733.805686860 1710192 948552
1786287734.069097570 1710192 949664
1786287734.326559976 1710192 950992
1786287734.613759365 1710192 952700
1786287734.906911056 1710192 953768
1786287735.185871285 1710192 955156
1786287735.442402459 1710192 956228
1786287735.699784624 1710192 958216
1786287735.965016137 1710192 959200
1786287736.246748043 1710192 960084
1786287736.508360361 1710192 960844
1786287736.807840325 1710192 964392
1786287737.119628570 1710192 965660
1786287737.392193785 1710192 966120
1786287737.672004363 1710192 966600
1786287737.938976036 1710192 967316
1786287738.224640567 1710192 968248
1786287738.481263809 1710192 968944
1786287738.753346755 1710192 970232
1786287739.014301361 1710192 971340
1786287739.282975450 1710192 972092
1786287739.559684534 1710192 972824
1786287739.823401874 1710192 973528
1786287740.092525823 1710192 974240
1786287740.384635597 1710192 975036
1786287740.649905460 1710192 975848
1786287740.921070211 1710192 976340
1786287741.224264749 1710192 976856
1786287741.524433297 1710192 977588
1786287741.821520939 1710192 978172
1786287742.122501091 1710192 978620
1786287742.391518018 1710192 979200
1786287742.653088817 1710192 979532
1786287742.915764339 1710192 979880
1786287743.175451670 1710192 980296
1786287743.444954267 1710192 980824
1786287743.732818232 1710192 981248
1786287744.014165731 1710192 981940
1786287744.312498406 1710192 982772
1786287744.570993163 1710192 983188
1786287744.848500900 1710192 983904
1786287745.123988605 1710192 984956
1786287745.391491268 1710192 985320
1786287745.707005011 1710192 985976
1786287746.000067538 1710192 986616
1786287746.274457136 1710192 987020
1786287746.584061632 1710192 987256
