1786287690.621785767 590888 549956
1786287690.856489156 1180748 1127288
1786287691.101112704 1709372 1523460
1786287691.341165042 1709372 1535920
1786287691.587312788 1709372 1542212
1786287691.858895616 1709372 1549092
1786287692.117217394 1709372 1558776
1786287692.365210511 1709372 1568148
1786287692.607876910 1709372 1574012
1786287692.848680570 1709372 1579188
1786287693.089967074 1709372 1581980
1786287693.323442047 1709372 1583396
1786287693.560988430 1709372 1586240
1786287693.808155844 1709372 1588888
1786287694.049615492 1709372 1593372
1786287694.289314001 1709372 1598788
1786287694.525720423 1709372 1601968
1786287694.768709122 1709372 1604160
1786287695.017820699 1709372 1606464
1786287695.277716435 1709372 1608068
1786287695.544368836 1709372 1609376
1786287695.809339379 1709372 1610376
1786287696.065153922 1709372 1612688
1786287696.349409036 1709372 1614524
1786287696.601283645 1709372 1615252
1786287696.855878025 1709372 1616308
1786287697.137097893 1709372 1617808
1786287697.400812426 1709372 1618592
1786287697.659058904 1709372 1620196
1786287697.908525301 1709372 1621060
1786287698.166431877 1709372 1621536
1786287698.424496748 1709372 1622056
1786287698.686788070 1709372 1623652
1786287698.949847603 1709372 1624776
1786287699.200819487 1709372 1625720
1786287699.448723829 1709372 1626760
1786287699.714459105 1709372 1626888
1786287699.976152528 1709372 1627388
1786287700.227444283 1709372 1628148
1786287700.480004181 1709372 1628560
1786287700.732026226 1709372 1628900
1786287700.985539462 1709372 1629296
1786287701.234156381 1709372 1629584
1786287701.484627455 1709372 1629976
1786287701.740834711 1709372 1630200
1786287701.985628217 1709372 1630668
1786287702.232102852 1709372 1631012
1786287702.485520717 1709372 1631552
1786287702.719789340 1709372 1632100
1786287702.955118851 1709372 1632736
1786287703.198791988 1709372 1633156
1786287703.449093458 1709372 1633340
1786287703.693079010 1709372 1633640
1786287703.936468688 1710396 1633984
1786287704.181577261 1710396 1634508
1786287704.424106210 1710396 1634860
1786287704.661824287 1710396 1635116
1786287704.905234822 1710396 1635436
1786287705.149599871 1710396 1635664
1786287705.390135705 1710396 1635932
1786287705.634822698 1710396 1636128
1786287705.872781076 1710396 1636356
1786287706.108764138 1710396 1636468
1786287706.347656844 1710396 1636652
1786287706.602067773 1710396 1636820
1786287706.849889806 1710396 1637036
1786287707.097237449 1710396 1637192
1786287707.338849991 1710396 1637356
1786287707.581576583 1710396 1637744
1786287707.822393578 1710396 1637920
1786287708.057961247 1710396 1638024
1786287708.296124669 1710396 1638080
1786287708.528948286 1710396 1638216
1786287708.783319767 1710396 1638308
1786287709.030961515 1710396 1638372
1786287709.280547100 1710396 1638556
1786287709.553912712 1710396 1638692
1786287709.824335016 1710396 1638776
1786287710.081962229 1710396 1638880
1786287710.351121418 1710396 1638984
1786287710.612608688 1710396 1639064
1786287710.879298793 1710396 1639148
1786287711.139392679 1710396 1639208
1786287711.404567861 1710396 1639268
1786287711.677742420 1710396 1639316
1786287711.948334075 1710396 1639364
1786287712.208964796 1710396 1639416
1786287712.479069031 1710396 1639464
1786287712.747950457 1710396 1639508
1786287713.022813070 1710396 1639564
1786287713.285640155 1710396 1639616
1786287713.541153855 1710396 1639668
1786287713.799182047 1710396 1639728
1786287714.057355947 1710396 1639860
1786287714.344167027 1710396 1639928
1786287714.607352583 1710396 1639964
1786287714.875428725 1710396 1640092
1786287715.163883625 1710396 1640188
1786287715.433820794 1710396 1640280
1786287715.683616787 1710396 1640352
1786287715.956535101 1710396 1640420
1786287716.237474232 1710396 1640464
