1786287816.925608536 112144 1316
1786287817.157978080 112144 59020
1786287817.394176031 112144 69028
1786287817.632315365 112144 71824
1786287817.867185083 112144 75000
1786287818.104306355 112144 77020
1786287818.345577045 112144 78368
1786287818.570480554 112144 79512
1786287818.815924040 112144 80004
1786287819.037252539 112144 80316
1786287819.300832118 112144 80704
1786287819.552413783 112144 81012
1786287819.781993693 112144 81176
1786287820.009771186 112144 81372
1786287820.244912851 112144 81472
1786287820.489147085 112144 81668
1786287820.714240073 112144 82052
1786287820.941368382 112144 82220
1786287821.176288714 112144 82476
1786287821.409068342 112144 82676
1786287821.656322603 112144 82708
1786287821.890049788 112144 82824
1786287822.118861186 112144 82964
1786287822.347716923 112144 82996
1786287822.573500717 112144 83080
1786287822.796329508 112144 83168
1786287823.009645398 112144 83232
1786287823.241400470 112144 83388
1786287823.476799023 112144 83500
1786287823.721919148 112144 83564
1786287823.959308947 112144 83628
1786287824.211014663 112144 83656
1786287824.440285833 112144 83700
1786287824.667506748 112144 83736
1786287824.899232096 112144 83780
1786287825.141811167 112144 84372
1786287825.388193313 112144 84612
1786287825.616222708 112144 84904
1786287825.861339218 112144 85084
1786287826.088267496 112144 85240
1786287826.313819937 112144 85268
1786287826.536912157 112144 85284
1786287826.770666226 112144 85304
1786287827.018739547 112144 85416
1786287827.243114150 112144 85480
1786287827.477408307 112144 85516
1786287827.702045659 112144 85568
1786287827.922775222 112144 85588
1786287828.192904778 112144 85616
1786287828.436364090 112144 85636
1786287828.666804187 112144 85652
1786287828.918609950 112144 85688
1786287829.145041259 112144 85732
1786287829.400161627 112144 85748
1786287829.635520823 112144 85772
1786287829.881684120 112144 85812
1786287830.110292525 112144 85916
1786287830.341530651 112144 85932
1786287830.573291904 112144 85972
1786287830.796488589 112144 86004
1786287831.023365037 112144 86064
1786287831.251818732 112144 86096
1786287831.472521811 113160 86112
1786287831.708419806 113160 86132
1786287831.934094142 113160 86156
1786287832.170514682 113160 86184
1786287832.397894525 113160 86200
1786287832.646696477 113160 86292
1786287832.868364408 113160 86320
1786287833.094117181 113160 86364
1786287833.338006753 113160 86384
1786287833.570727091 113160 86404
1786287833.798339296 113160 86456
1786287834.032857523 113160 86492
1786287834.263665765 113160 86508
1786287834.498002117 113160 86528
1786287834.726346466 113160 86556
1786287834.963876726 113160 86612
1786287835.202458421 113160 86668
1786287835.447933462 113160 86688
1786287835.687922847 113160 86748
1786287835.912472311 113160 87328
1786287836.135580777 113160 87344
1786287836.362080595 113160 87364
1786287836.599389482 113160 87380
1786287836.824073535 113160 87388
1786287837.045130590 113160 87404
1786287837.264919452 113160 87420
1786287837.532675658 113160 87456
1786287837.771414850 113160 87476
1786287838.011143630 113160 87504
1786287838.237667965 113160 87536
1786287838.475819467 113160 87552
1786287838.715708838 113160 87576
1786287838.946042721 113160 87596
1786287839.177372072 113160 87612
1786287839.401176343 113160 87640
1786287839.626726575 113160 87664
1786287839.858415128 113160 87724
1786287840.079691722 113160 87740
1786287840.315892120 113160 87760
1786287840.551491278 113160 87776
1786287840.792129559 113160 87792
1786287841.048278487 113160 87812
1786287841.276284749 113160 87832
1786287841.500590842 113160 87856
1786287841.744070829 113160 87876
1786287841.979058446 113160 87892
1786287842.202666224 113160 87912
1786287842.434098184 113160 87932
1786287842.667635392 113160 87956
1786287842.896289220 113160 87984
1786287843.129896404 113160 88032
1786287843.352037287 113160 88056
1786287843.618968624 113160 88080
1786287843.840600325 113160 88096
1786287844.056271245 113160 88120
1786287844.270414255 113160 88140
1786287844.507908683 113160 88164
1786287844.740502501 113160 88184
