1786287746.873754487 1036 12
1786287747.120195975 112328 92116
1786287747.366268992 112328 94992
1786287747.608266635 112328 96924
1786287747.855625999 112328 97512
1786287748.100184132 112328 98004
1786287748.330005650 112328 98500
1786287748.576664958 112328 98748
1786287748.816709071 112328 99116
1786287749.064045428 112328 99240
1786287749.318917079 112328 99380
1786287749.553330577 112328 99428
1786287749.801117690 112328 99560
1786287750.036379984 112328 99588
1786287750.288316064 112328 99628
1786287750.559362270 112328 99660
1786287750.791861273 112328 99688
1786287751.042684865 112328 99720
1786287751.279791425 112328 99740
1786287751.523882296 112328 99772
1786287751.763410461 112328 99784
1786287752.005774946 112328 99824
1786287752.246397393 112328 99852
1786287752.487355774 112328 99964
1786287752.742937111 112328 99988
1786287752.973708183 112328 100144
1786287753.220067155 112328 100164
1786287753.473350692 112328 100212
1786287753.721769222 112328 100252
1786287753.953542708 112328 100260
1786287754.217117905 112328 100296
1786287754.453193770 112328 100356
1786287754.689267312 112328 100452
1786287754.942854061 112328 100464
1786287755.168525870 112328 100484
1786287755.399892174 112328 100508
1786287755.644860114 112328 100524
1786287755.905644360 112328 100576
1786287756.182124952 112328 100616
1786287756.419228590 112328 100640
1786287756.655602901 112328 100684
1786287756.891466696 112328 100724
1786287757.129849395 112328 100732
1786287757.369953672 112328 100776
1786287757.602900066 112328 100792
1786287757.830103388 112328 100804
1786287758.074919597 112328 100824
1786287758.300489115 112328 100836
1786287758.528688524 112328 100860
1786287758.793142619 112328 100872
1786287759.036219405 112328 100920
1786287759.265790815 112328 101212
1786287759.496274453 112328 101248
1786287759.735001026 112328 101320
1786287759.981264973 112328 101404
1786287760.209674682 112328 101440
1786287760.434146957 112328 101452
1786287760.658997404 112328 101464
1786287760.901966974 112328 101476
1786287761.142134511 112328 101488
1786287761.368531887 112328 101500
1786287761.597015668 112328 101512
1786287761.829793830 112328 101520
1786287762.067609793 112328 101572
1786287762.328353462 112328 101584
1786287762.568543915 112328 101612
1786287762.797682333 112328 101640
1786287763.037615987 112328 101652
1786287763.281568408 112328 101688
1786287763.526355181 112328 101700
1786287763.769077693 112328 101724
1786287763.996711413 112328 101732
1786287764.224401478 112328 101744
1786287764.460448363 112328 101756
1786287764.680502124 112328 101804
1786287764.913222590 112328 101816
1786287765.166010429 112328 101828
1786287765.392845152 112328 101840
1786287765.628024699 112328 101864
1786287765.855635808 112328 101876
1786287766.086471763 112328 101900
1786287766.329764302 112328 101932
1786287766.567462534 112328 101948
1786287766.804003119 112328 101960
1786287767.058497947 112328 101972
1786287767.301501891 112328 101996
1786287767.547825538 112328 102028
1786287767.803922304 112328 102040
1786287768.049630802 112328 102052
1786287768.294734611 112936 101652
1786287768.555805144 112936 101664
1786287768.804486761 112936 101672
1786287769.028181476 112936 101684
1786287769.334291053 112936 101696
1786287769.558432504 112936 101712
1786287769.823429192 112936 101732
1786287770.050348782 112936 101760
1786287770.277397575 112936 101772
1786287770.515513397 112936 101784
1786287770.768338378 112936 101796
1786287770.998732946 112936 101812
1786287771.263159676 112936 101824
1786287771.508419884 112936 101836
1786287771.733600671 112936 101856
1786287771.985622866 112936 101868
1786287772.213173267 112936 101880
1786287772.468142055 112936 101892
1786287772.706283144 112936 101904
1786287772.937424556 112936 101916
1786287773.172335820 112936 101924
1786287773.406361030 112936 101936
1786287773.654009373 112936 102000
1786287773.882401221 112936 102012
1786287774.122936146 112936 102024
1786287774.372200411 112936 102032
1786287774.593600105 112936 102076
1786287774.827258892 112936 102216
1786287775.058769014 112936 102232
1786287775.283493346 112936 102248
1786287775.514604859 112936 102260
1786287775.747152938 112936 102272
1786287775.972193512 112936 102284
1786287776.200642737 112936 102296
1786287776.429443550 112936 102308
1786287776.654497975 112936 102324
1786287776.874428958 112936 102340
1786287777.091534106 112936 102356
1786287777.307961543 112936 102396
1786287777.529109614 112936 102412
1786287777.764633258 112936 102424
1786287778.003569515 112936 102436
1786287778.229349630 112936 102448
1786287778.463283326 112936 102464
1786287778.691149770 112936 102476
1786287778.925045023 112936 102488
1786287779.163468066 112936 102504
1786287779.392055174 112936 102524
1786287779.630858116 112936 102540
1786287779.856757083 112936 102552
1786287780.090551849 112936 102564
1786287780.321455479 112936 102576
1786287780.557865847 112936 102588
1786287780.811769821 112936 102604
1786287781.038665074 112936 102616
1786287781.281126052 112936 102624
1786287781.531512801 112936 102640
1786287781.771003785 112936 102656
1786287781.992969383 112936 102664
1786287782.218003790 112936 102676
1786287782.445717738 112936 102688
1786287782.669369633 112936 102700
1786287782.894711586 112936 102708
1786287783.122569179 112936 102720
1786287783.370287652 112936 102732
1786287783.601133415 112936 102744
1786287783.836586035 112936 102756
1786287784.065736939 112936 102768
1786287784.311060924 112936 102772
1786287784.559355274 112936 102788
1786287784.815515377 112936 102800
1786287785.046623060 112936 102812
1786287785.287605492 112936 102820
1786287785.514864997 112936 102836
1786287785.743526734 112936 102844
1786287785.979562940 112936 102860
1786287786.213969241 112936 102872
1786287786.446205550 112936 102880
1786287786.690289331 112936 102896
1786287786.932240294 112936 102908
1786287787.170328244 112936 102920
1786287787.406872781 112936 102936
