1786287661.901873411 1213672 595748
1786287662.139003370 1709768 885260
1786287662.370950427 1709768 974276
1786287662.602029825 1709768 1028020
1786287662.834003296 1709768 1055704
1786287663.077096695 1709768 1088112
1786287663.333199111 1709768 1105692
1786287663.584972022 1709768 1135684
1786287663.816621713 1709768 1159180
1786287664.055644626 1709768 1196996
1786287664.294325558 1709768 1209948
1786287664.531085588 1709768 1224856
1786287664.763531019 1709768 1235132
1786287664.993402704 1709768 1240164
1786287665.231575085 1709768 1248580
1786287665.464420396 1709768 1254520
1786287665.691967769 1709768 1266676
1786287665.923642402 1709768 1283116
1786287666.154911809 1709768 1291096
1786287666.387857192 1709768 1297044
1786287666.621926752 1709768 1302640
1786287666.855034378 1709768 1306220
1786287667.085799485 1709768 1309644
1786287667.314646248 1709768 1313168
1786287667.548439832 1709768 1317360
1786287667.780473125 1709768 1319916
1786287668.010130758 1709768 1322508
1786287668.244214205 1709768 1324616
1786287668.486180308 1709768 1328200
1786287668.718792728 1709768 1330204
1786287668.950913318 1709768 1333440
1786287669.191502521 1709768 1335872
1786287669.421629619 1709768 1337192
1786287669.659034677 1709768 1338572
1786287669.890661158 1709768 1343412
1786287670.123493810 1709768 1346032
1786287670.356920590 1709768 1348704
1786287670.589339746 1709768 1351072
1786287670.820119573 1709768 1351504
1786287671.050341079 1709768 1352768
1786287671.281811797 1709768 1354268
1786287671.511234493 1709768 1355624
1786287671.749424420 1709768 1356432
1786287671.978736532 1709768 1357480
1786287672.208373411 1709768 1358036
1786287672.439077158 1709768 1358844
1786287672.685116384 1709768 1359272
1786287672.918946234 1709768 1359752
1786287673.152243393 1709768 1360744
1786287673.384348198 1709768 1361308
1786287673.616381325 1709768 1362128
1786287673.852338180 1709768 1362924
1786287674.090333221 1709768 1363728
1786287674.322781069 1709768 1364808
1786287674.566655920 1709768 1365112
1786287674.802870061 1709768 1365560
1786287675.036813716 1709768 1365880
1786287675.273686047 1709768 1366660
1786287675.511563286 1709768 1367004
1786287675.748687299 1710376 1367164
1786287675.981858122 1710376 1367688
1786287676.227037821 1710376 1368136
1786287676.459675119 1710376 1368600
1786287676.696976167 1710376 1368876
1786287676.932868523 1710376 1369504
1786287677.168942861 1710376 1369924
1786287677.403494937 1710376 1370192
1786287677.636520817 1710376 1370528
1786287677.869426092 1710376 1370816
1786287678.102308806 1710376 1371068
1786287678.336617467 1710376 1371492
1786287678.578077271 1710376 1371656
1786287678.824245324 1710376 1371908
1786287679.063059954 1710376 1372164
1786287679.297218733 1710376 1372288
1786287679.533026795 1710376 1372960
1786287679.779898918 1710376 1373204
1786287680.018694511 1710376 1373316
1786287680.262973657 1710376 1373980
1786287680.505972803 1710376 1376204
1786287680.745088330 1710376 1376440
1786287680.994675696 1710376 1376576
1786287681.241894390 1710376 1376652
1786287681.493757298 1710376 1376692
1786287681.733565605 1710376 1376780
1786287681.980004249 1710376 1376928
1786287682.213494932 1710376 1377152
1786287682.451351358 1710376 1377252
1786287682.693697618 1710376 1377648
1786287682.928065977 1710376 1377836
1786287683.170451568 1710376 1377980
1786287683.405525948 1710376 1378088
1786287683.638137672 1710376 1378204
1786287683.876218865 1710376 1378380
1786287684.120562740 1710376 1378552
1786287684.369825976 1710376 1378840
1786287684.601193950 1710376 1378916
1786287684.833904681 1710376 1378984
1786287685.074751920 1710376 1379064
1786287685.317034435 1710376 1379128
1786287685.555953037 1710376 1379204
1786287685.791686165 1710376 1379280
1786287686.036685570 1710376 1379372
1786287686.275104580 1710376 1379472
1786287686.513579258 1710376 1379516
1786287686.747548907 1710376 1379596
1786287686.987482459 1710376 1379720
1786287687.234603327 1710376 1379796
1786287687.489261344 1710376 1379900
1786287687.736296878 1710376 1380056
1786287687.977512119 1710376 1380188
1786287688.221532181 1710376 1380232
1786287688.466141294 1710376 1380288
1786287688.706966968 1710376 1380572
1786287688.953407637 1710376 1380700
1786287689.192992734 1710376 1380824
1786287689.437886185 1710376 1380960
1786287689.685383942 1710376 1381048
1786287689.921762444 1710376 1381112
1786287690.158335238 1710376 1381152
