1786288253.645179069 1710248 193348
1786288253.909056045 1710248 393232
1786288254.170249902 1710248 566688
1786288254.434596321 1710248 705340
1786288254.720423945 1710248 833752
1786288254.995163467 1710248 934980
1786288255.279133231 1710248 988744
1786288255.576456572 1710248 1051868
1786288255.885333680 1710248 1098836
1786288256.154214429 1710248 1128560
1786288256.428287632 1710248 1154484
1786288256.695758127 1710248 1175080
1786288257.015404072 1710248 1200936
1786288257.289971666 1710248 1212968
1786288257.569732801 1710248 1225564
1786288257.879184922 1710248 1236812
1786288258.147714935 1710248 1247980
1786288258.423149655 1710248 1259936
1786288258.718592972 1710248 1266628
1786288259.071256610 1710248 1274140
1786288259.346839216 1710248 1280588
1786288259.625281478 1710248 1288256
1786288259.958788852 1710248 1295012
1786288260.243494920 1710248 1300432
1786288260.534582368 1710248 1305852
1786288260.835332774 1710248 1310576
1786288261.114305398 1710248 1315980
1786288261.398178059 1710248 1321000
1786288261.671715407 1710248 1324504
1786288261.933705851 1710248 1329208
1786288262.260230688 1710248 1333764
1786288262.576585678 1710248 1338508
1786288262.896913775 1710248 1341752
1786288263.184920507 1710248 1346548
1786288263.448770981 1710248 1350440
1786288263.712648732 1710248 1354184
1786288263.979192633 1710248 1358008
1786288264.248504346 1710248 1361124
1786288264.535426427 1710248 1364252
1786288264.844850545 1710248 1367320
1786288265.119693400 1710248 1372052
1786288265.387058942 1710248 1375024
1786288265.661081717 1710248 1379676
1786288265.926260863 1710248 1382840
1786288266.199191376 1710248 1386032
1786288266.469268328 1710248 1388764
1786288266.785713313 1710248 1391048
1786288267.074642052 1710248 1392396
1786288267.352576863 1710248 1394076
1786288267.643557278 1710248 1397044
1786288267.907114204 1710248 1399536
1786288268.199360661 1710248 1401936
1786288268.471563350 1710248 1403228
1786288268.764108963 1710248 1404376
1786288269.043193943 1710248 1405416
1786288269.343321795 1710248 1406772
1786288269.630836013 1710248 1407996
1786288269.975248030 1710248 1409132
1786288270.261506986 1710248 1410932
1786288270.588224463 1710248 1412892
1786288270.870973491 1710248 1414976
1786288271.158383045 1710248 1415932
1786288271.490820874 1710248 1416976
1786288271.791645499 1710248 1418328
1786288272.060470993 1710248 1419936
1786288272.366908756 1710248 1421108
1786288272.666013387 1710248 1422436
1786288272.980638915 1710248 1423460
1786288273.265341717 1710248 1424828
1786288273.548410375 1711272 1426232
1786288273.868666646 1711272 1427684
1786288274.142628454 1711272 1428376
1786288274.422032194 1711272 1429208
1786288274.703484215 1711272 1430124
1786288274.985940495 1711272 1431484
1786288275.260621891 1711272 1432500
1786288275.622860344 1711272 1433596
1786288275.925499901 1711272 1434572
1786288276.206048291 1711272 1435580
1786288276.479900688 1711272 1436468
1786288276.786414234 1711272 1437568
1786288277.100721702 1711272 1438732
1786288277.385046758 1711272 1439464
1786288277.720260901 1711272 1440248
1786288277.995005447 1711272 1441372
1786288278.269885548 1711272 1442284
1786288278.612904526 1711272 1443400
1786288278.893368808 1711272 1444244
1786288279.179494156 1711272 1445344
1786288279.525697475 1711272 1446224
1786288279.863222203 1711272 1447128
1786288280.165169307 1711272 1447784
1786288280.443713859 1711272 1448648
1786288280.714338641 1711272 1449348
1786288280.985196780 1711272 1450184
1786288281.285611289 1711272 1450964
1786288281.569072889 1711272 1451680
1786288281.855443728 1711272 1452260
1786288282.156446749 1711272 1453008
1786288282.435976549 1711272 1453616
1786288282.713458726 1711272 1454472
1786288283.011197195 1711272 1454952
1786288283.319029038 1711272 1455532
1786288283.607697360 1711272 1455928
1786288283.952444836 1711272 1456032
1786288284.246495258 1711272 1456428
1786288284.551484967 1711272 1457112
1786288284.838120321 1711272 1457360
1786288285.113121367 1711272 1457772
1786288285.416396987 1711272 1458292
1786288285.691452157 1711272 1459056
1786288285.958422489 1711272 1459568
1786288286.244605465 1711272 1460452
1786288286.545095266 1711272 1460888
1786288286.841077298 1711272 1461408
1786288287.116605129 1711272 1462028
1786288287.396620594 1711272 1462472
1786288287.718497526 1711272 1463220
1786288287.989969706 1711272 1463812
1786288288.261182510 1711272 1464036
1786288288.554828079 1711272 1464428
1786288288.829712950 1711272 1465100
1786288289.115473126 1711272 1465556
1786288289.386637956 1711272 1465820
1786288289.687106493 1711272 1466204
1786288289.958851547 1711272 1466692
1786288290.262994305 1711272 1467312
1786288290.597290756 1711272 1467692
1786288290.885571630 1711272 1467912
1786288291.181302857 1711272 1468208
1786288291.461985862 1711272 1468572
1786288291.739693221 1711272 1468944
1786288292.030875069 1711272 1469368
1786288292.373375802 1711272 1469720
1786288292.647574460 1711272 1470156
1786288292.896161347 134212 129916
