1786288217.603257145 66568 1368
1786288217.828827912 590888 524540
1786288218.062729479 1115208 1072860
1786288218.314042150 1710248 1518280
1786288218.565118126 1710248 1596128
1786288218.825872253 1710248 1631532
1786288219.083762093 1710248 1652412
1786288219.366674527 1710248 1664432
1786288219.638326965 1710248 1668916
1786288219.931352340 1710248 1672064
1786288220.224790534 1710248 1673908
1786288220.515458773 1710248 1675552
1786288220.784622201 1710248 1677472
1786288221.035443054 1710248 1678848
1786288221.301061630 1710248 1680828
1786288221.563408901 1710248 1682096
1786288221.866144453 1710248 1683332
1786288222.149157984 1710248 1684400
1786288222.430051410 1710248 1684884
1786288222.706593999 1710248 1685476
1786288222.998453571 1710248 1686144
1786288223.258782275 1710248 1686732
1786288223.510562548 1710248 1687440
1786288223.751170085 1710248 1687916
1786288223.995766464 1710248 1688468
1786288224.250723728 1710248 1688840
1786288224.519891686 1710248 1689336
1786288224.801870272 1710248 1689752
1786288225.148004572 1710248 1690132
1786288225.439623758 1710248 1690476
1786288225.757662791 1710248 1690820
1786288226.063896226 1710248 1691276
1786288226.359578669 1710248 1691712
1786288226.655226261 1710248 1692132
1786288226.924026676 1710248 1692568
1786288227.224250425 1710248 1692916
1786288227.517571543 1710248 1693328
1786288227.796301775 1710248 1693916
1786288228.062346172 1710248 1694236
1786288228.335447121 1710248 1694564
1786288228.626649957 1710248 1694916
1786288228.907036367 1710248 1695176
1786288229.199107988 1710248 1695428
1786288229.469834302 1710248 1695668
1786288229.758328105 1710248 1695848
1786288230.022148497 1710248 1696028
1786288230.273658412 1710248 1696308
1786288230.517500926 1710248 1696544
1786288230.763456026 1710248 1696776
1786288231.015036785 1710248 1696928
1786288231.260572739 1710248 1697024
1786288231.518150947 1710248 1697196
1786288231.773187874 1710248 1697420
1786288232.012744790 1710248 1697592
1786288232.256315196 1710248 1697932
1786288232.494967955 1710248 1698108
1786288232.735190800 1710248 1698228
1786288233.008887028 1710248 1698384
1786288233.295638513 1710248 1698512
1786288233.572171340 1710248 1698588
1786288233.861939132 1710248 1698668
1786288234.135157338 1710248 1698740
1786288234.443498229 1710248 1698840
1786288234.721172653 1710248 1698952
1786288235.024980935 1711272 1699044
1786288235.303606624 1711272 1699140
1786288235.589650940 1711272 1699252
1786288235.875719777 1711272 1699336
1786288236.154532593 1711272 1699452
1786288236.437566173 1711272 1699564
1786288236.759301720 1711272 1699708
1786288237.053406180 1711272 1699792
1786288237.344563457 1711272 1699848
1786288237.626476271 1711272 1699968
1786288237.905145741 1711272 1700052
1786288238.183412274 1711272 1700132
1786288238.455096940 1711272 1700264
1786288238.723141039 1711272 1700436
1786288239.010242822 1711272 1700540
1786288239.295305564 1711272 1700656
1786288239.633294988 1711272 1700772
1786288239.909251812 1711272 1700888
1786288240.240223318 1711272 1701020
1786288240.532147225 1711272 1701096
1786288240.846116571 1711272 1701204
1786288241.124566367 1711272 1701276
1786288241.402339882 1711272 1701400
1786288241.681635993 1711272 1701496
1786288242.009130634 1711272 1701604
1786288242.324646888 1711272 1701688
1786288242.617711799 1711272 1701780
1786288242.914161645 1711272 1701844
1786288243.211038783 1711272 1701928
1786288243.478166465 1711272 1702044
1786288243.757747169 1711272 1702120
1786288244.052523867 1711272 1702232
1786288244.322203689 1711272 1702328
1786288244.600203342 1711272 1702384
1786288244.896934718 1711272 1702464
1786288245.170455607 1711272 1702492
1786288245.457797702 1711272 1702532
1786288245.733714228 1711272 1702612
1786288246.015442099 1711272 1702684
1786288246.320859090 1711272 1702772
1786288246.611220901 1711272 1702824
1786288246.917191261 1711272 1702896
1786288247.190900861 1711272 1702956
1786288247.462801277 1711272 1703040
1786288247.727804680 1711272 1703096
1786288248.027668040 1711272 1703148
1786288248.324094043 1711272 1703192
1786288248.585965299 1711272 1703276
1786288248.868612064 1711272 1703332
1786288249.145252097 1711272 1703384
1786288249.431480967 1711272 1703428
1786288249.730180810 1711272 1703476
1786288250.017294493 1711272 1703520
1786288250.305297413 1711272 1703584
1786288250.567471534 1711272 1703628
1786288250.837544631 1711272 1703700
1786288251.132915803 1711272 1703772
1786288251.430581681 1711272 1703832
1786288251.701602170 1711272 1703896
1786288252.010886364 1711272 1703952
1786288252.321146845 1711272 1704032
1786288252.595696425 1711272 1704092
1786288252.863801844 1711272 1704168
1786288253.114079543 662632 655548
