1786288427.778691287 7876 3940
1786288428.037255912 112600 102552
1786288428.269918103 112600 104776
1786288428.509401059 112600 105364
1786288428.771674399 112600 105644
1786288429.009899211 112600 105792
1786288429.240362536 112600 105880
1786288429.477770811 112600 105956
1786288429.715586749 112600 105984
1786288429.954271295 112600 106016
1786288430.179855636 112600 106048
1786288430.410611488 112600 106060
1786288430.639338604 112600 106068
1786288430.870302395 112600 106096
1786288431.114146115 112600 106108
1786288431.354664729 112600 106128
1786288431.594746466 112600 106144
1786288431.832307075 112600 106156
1786288432.062412197 112600 106168
1786288432.292229161 112600 106176
1786288432.533212265 112600 106188
1786288432.776586420 112600 106196
1786288433.028413530 112600 106220
1786288433.271133865 112600 106228
1786288433.510381449 112600 106240
1786288433.775762602 112600 106248
1786288434.008380787 112600 106256
1786288434.260579596 112600 106264
1786288434.504454344 112600 106272
1786288434.737249732 112600 106292
1786288434.983065206 112600 106304
1786288435.216651608 112600 106312
1786288435.452254988 112600 106324
1786288435.693161492 112600 106332
1786288435.924340038 112600 106344
1786288436.176204697 112600 106356
1786288436.430326124 112600 106364
1786288436.671972616 112600 106376
1786288436.916261181 112600 106388
1786288437.160993937 112600 106396
1786288437.393318165 112600 106408
1786288437.623626643 112600 106424
1786288437.863495641 112600 106440
1786288438.093646086 112600 106448
1786288438.324990887 112600 106460
1786288438.559134910 112600 106472
1786288438.800450674 112600 106484
1786288439.043303943 112600 106492
1786288439.284308511 112600 106504
1786288439.513609278 112600 106520
1786288439.763909776 112600 106532
1786288439.991518464 112600 106544
1786288440.228962191 112600 106552
1786288440.469569321 112600 106564
1786288440.708366140 112600 106576
1786288440.951772328 112600 106588
1786288441.195245346 112600 106600
1786288441.427180364 112600 106612
1786288441.663285141 112600 106632
1786288441.890554492 112600 106640
1786288442.127429825 112600 106652
1786288442.370993372 112600 106668
1786288442.616131954 112600 106680
1786288442.858321984 112600 106688
1786288443.090943033 112600 106700
1786288443.318698514 112600 106708
1786288443.551082529 112600 106720
1786288443.790218763 112600 106736
1786288444.022892310 112600 106748
1786288444.255721322 112600 106760
1786288444.506140541 112600 106768
1786288444.738462084 112600 106784
1786288444.983278282 112600 106792
1786288445.231420142 112600 106804
1786288445.503518220 112600 106816
1786288445.728307530 112600 106828
1786288445.968952783 112600 106840
1786288446.205389396 112600 106848
1786288446.468198983 112600 106860
1786288446.728766540 112600 106872
1786288446.959905690 112600 106880
1786288447.198471596 112600 106892
1786288447.440658464 112600 106904
1786288447.672202882 112600 106912
1786288447.922154933 112600 106920
1786288448.180732245 112600 106932
1786288448.458221771 112600 106944
1786288448.707190572 112600 106948
1786288448.947959333 112600 106960
1786288449.179167475 112600 106968
1786288449.405423184 112600 106984
1786288449.627660313 112600 106992
1786288449.860227649 112600 107000
1786288450.092192530 112600 107012
1786288450.333174643 112600 107024
1786288450.561386745 112600 107032
1786288450.797870896 112600 107044
1786288451.029258400 112600 107056
1786288451.257249329 112600 107064
1786288451.483073470 112600 107076
1786288451.719091847 112600 107084
1786288451.954691019 112936 106404
1786288452.194751040 112936 106416
1786288452.431314571 112936 106428
1786288452.675231222 112936 106436
1786288452.914904809 112936 106448
1786288453.150937323 112936 106460
1786288453.381171953 112936 106472
1786288453.614769173 112936 106480
1786288453.849935482 112936 106492
1786288454.098003088 112936 106504
1786288454.323624014 112936 106516
1786288454.569605930 112936 106524
1786288454.799639218 112936 106548
1786288455.029902584 112936 106564
1786288455.261947666 112936 106576
1786288455.506602587 112936 106588
1786288455.735024249 112936 106596
1786288455.960793103 112936 106608
1786288456.187009744 112936 106620
1786288456.424246484 112936 106632
1786288456.660221820 112936 106640
1786288456.892992990 112936 106652
1786288457.119278631 112936 106660
1786288457.352535265 112936 106672
1786288457.590021425 112936 106680
1786288457.813312251 112936 106692
1786288458.043841562 112936 106700
1786288458.281863603 112936 106708
1786288458.515360799 112936 106724
1786288458.743370300 112936 106736
1786288458.975883552 112936 106744
1786288459.213392750 112936 106756
1786288459.452464214 112936 106768
1786288459.693537433 112936 106776
1786288459.922372263 112936 106788
1786288460.163461960 112936 106804
1786288460.401352159 112936 106816
1786288460.640464867 112936 106832
1786288460.876258037 112936 106840
1786288461.103634344 112936 106852
1786288461.333453149 112936 106860
1786288461.569275672 112936 106872
1786288461.802437433 112936 106880
1786288462.028239373 112936 106888
1786288462.261388545 112936 106900
1786288462.484855782 112936 106912
1786288462.718541359 112936 106924
1786288462.949473509 112936 106932
1786288463.172640074 112936 106944
1786288463.406229240 112936 106956
1786288463.644382336 112936 106964
1786288463.876429645 112936 106976
1786288464.112081898 112936 106984
1786288464.340860901 112936 106996
1786288464.581494131 112936 107008
1786288464.828120192 112936 107016
1786288465.069194456 112936 107028
1786288465.308228306 112936 107040
1786288465.543365929 112936 107052
1786288465.783902857 112936 107064
1786288466.029692723 112936 107072
1786288466.273241837 112936 107084
1786288466.507532793 112936 107096
1786288466.754278493 112936 107108
1786288466.995669784 112936 107116
1786288467.233067688 112936 107128
1786288467.464903387 112936 107136
1786288467.699102725 112936 107148
1786288467.920965977 112936 107160
1786288468.151544739 112936 107168
1786288468.380278221 112936 107180
1786288468.617506073 112936 107192
1786288468.848447236 112936 107200
1786288469.087915374 112936 107212
1786288469.318372876 112936 107224
1786288469.553898743 112936 107236
1786288469.789123798 112936 107248
1786288470.024562858 112936 107256
1786288470.258760744 112936 107268
1786288470.485182784 112936 107276
1786288470.717732432 112936 107284
1786288470.944097056 112936 107296
1786288471.179758452 112936 107304
1786288471.424990100 112936 107316
1786288471.653054959 112936 107324
1786288471.887503339 112936 107336
1786288472.116160083 112936 107344
1786288472.355622776 112936 107356
1786288472.588436611 112936 107364
1786288472.815941238 112936 107376
1786288473.040033739 112936 107384
1786288473.294208895 112936 107392
1786288473.535877042 112936 107396
1786288473.766123154 112936 107404
1786288473.996594758 112936 107416
1786288474.233367821 112936 107424
1786288474.470219979 112936 107432
1786288474.708777118 112936 107444
1786288474.966964792 112936 107448
1786288475.205633632 112936 107460
