1786288475.735755783 112416 107484
1786288475.982888534 112416 108264
1786288476.225180685 112416 108428
1786288476.461820313 112416 108464
1786288476.691300503 112416 108512
1786288476.920402977 112416 108540
1786288477.175280365 112416 108584
1786288477.416102352 112416 108604
1786288477.656133570 112416 108616
1786288477.881236280 112416 108640
1786288478.112006968 112416 108652
1786288478.354091100 112416 108672
1786288478.592238035 112416 108688
1786288478.832238264 112416 108704
1786288479.057584955 112416 108716
1786288479.304042221 112416 108724
1786288479.536033783 112416 108740
1786288479.773290318 112416 108752
1786288480.027552050 112416 108764
1786288480.269463080 112416 108780
1786288480.507650426 112416 108788
1786288480.736724136 112416 108812
1786288480.988744403 112416 108828
1786288481.227061059 112416 108844
1786288481.466413953 112416 108852
1786288481.698751710 112416 108864
1786288481.926155140 112416 108876
1786288482.170247871 112416 108888
1786288482.403736313 112416 108904
1786288482.633562021 112416 108916
1786288482.867852245 112416 108928
1786288483.111045236 112416 108944
1786288483.361676017 112416 108960
1786288483.598861700 112416 108972
1786288483.835543235 112416 108980
1786288484.084877499 112416 108996
1786288484.314259482 112416 109008
1786288484.565273171 112416 109024
1786288484.794273352 112416 109040
1786288485.028289842 112416 109052
1786288485.282270570 112416 109064
1786288485.539079786 112416 109076
1786288485.772560916 112416 109084
1786288486.011038223 112416 109104
1786288486.252313091 112416 109116
1786288486.491203647 112416 109132
1786288486.733082771 112416 109156
1786288486.968931508 112416 109164
1786288487.211536551 112416 109180
1786288487.465275818 112416 109200
1786288487.695820194 112416 109216
1786288487.928541047 112416 109228
1786288488.162129331 112416 109244
1786288488.399048127 112416 109260
1786288488.629283535 112416 109272
1786288488.863096935 112416 109292
1786288489.095110889 112416 109308
1786288489.321090830 112416 109320
1786288489.553166375 112416 109336
1786288489.773639659 112416 109348
1786288489.992871393 112416 109364
1786288490.215350828 112416 109380
1786288490.440829277 112416 109400
1786288490.664311366 112416 109416
1786288490.891495837 112416 109428
1786288491.128784315 112416 109448
1786288491.366526284 112416 109464
1786288491.603208101 112416 109480
1786288491.841368885 112416 109500
1786288492.067348659 112416 109512
1786288492.298992544 112416 109528
1786288492.536942383 112416 109544
1786288492.776499204 112416 109560
1786288493.006174044 112416 109572
1786288493.237098228 112416 109588
1786288493.465239882 112416 109600
1786288493.698790902 112752 108928
1786288493.928517750 112752 108940
1786288494.156506445 112752 108956
1786288494.386827014 112752 108968
1786288494.616163681 112752 108980
1786288494.844612751 112752 108996
1786288495.069755565 112752 109012
1786288495.294357273 112752 109028
1786288495.517767694 112752 109044
1786288495.760660426 112752 109064
1786288495.995980187 112752 109084
1786288496.233930183 112752 109100
1786288496.469420311 112752 109112
1786288496.705028335 112752 109128
1786288496.934075437 112752 109144
1786288497.162368697 112752 109160
1786288497.388822035 112752 109172
1786288497.615348925 112752 109188
1786288497.852155410 112752 109204
1786288498.082907736 112752 109224
1786288498.314360858 112752 109236
1786288498.556084448 112752 109252
1786288498.783852380 112752 109268
1786288499.005995262 112752 109280
1786288499.238773417 112752 109300
1786288499.473102865 112752 109320
1786288499.703135443 112752 109336
1786288499.932050572 112752 109352
1786288500.156794757 112752 109368
1786288500.380220901 112752 109380
1786288500.603003257 112752 109396
1786288500.824373947 112752 109412
1786288501.059335815 112752 109428
1786288501.293182703 112752 109444
1786288501.538136103 112752 109460
1786288501.773168541 112752 109476
1786288502.007301354 112752 109488
1786288502.234324344 112752 109504
1786288502.462504910 112752 109520
1786288502.698737284 112752 109532
1786288502.923178887 112752 109548
1786288503.154812241 112752 109560
1786288503.389001723 112752 109572
1786288503.623160508 112752 109588
1786288503.848922757 112752 109600
1786288504.084750611 112752 109616
1786288504.331041607 112752 109632
1786288504.563876795 112752 109644
1786288504.798740007 112752 109660
1786288505.020123241 112752 109672
1786288505.242912126 112752 109688
1786288505.476461946 112752 109700
1786288505.698556664 112752 109716
1786288505.921400490 112752 109732
1786288506.151957427 112752 109744
1786288506.383854094 112752 109760
1786288506.622685496 112752 109776
1786288506.846604513 112752 109792
1786288507.074056787 112752 109808
1786288507.301244844 112752 109820
1786288507.523984265 112752 109836
1786288507.742746425 112752 109852
1786288507.960157480 112752 109872
1786288508.178780441 112752 109892
1786288508.395597348 112752 109908
1786288508.616496859 112752 109928
1786288508.836134041 112752 109944
1786288509.050818247 112752 109960
