1786288293.161834725 1028 4
1786288293.434124606 951472 469776
1786288293.687035304 1709556 817124
1786288293.946285451 1709556 1035488
1786288294.234780237 1709556 1139024
1786288294.522899402 1709556 1266168
1786288294.806267832 1709556 1342528
1786288295.091571970 1709556 1390984
1786288295.360132597 1709556 1434612
1786288295.628030350 1709556 1456928
1786288295.929614884 1709556 1478248
1786288296.211581081 1709556 1496028
1786288296.517872915 1709556 1511892
1786288296.787512671 1709556 1518956
1786288297.067325173 1709556 1525360
1786288297.343825620 1709556 1532492
1786288297.631260575 1709556 1538860
1786288297.932755247 1709556 1544616
1786288298.266548905 1709556 1548920
1786288298.549425463 1709556 1554856
1786288298.826693954 1709556 1557828
1786288299.127885089 1709556 1560948
1786288299.422982683 1709556 1563256
1786288299.704810878 1709556 1565368
1786288300.006921071 1709556 1567224
1786288300.303460139 1709556 1569484
1786288300.610204215 1709556 1571696
1786288300.906798710 1709556 1574116
1786288301.193244665 1709556 1576168
1786288301.527220170 1709556 1577308
1786288301.820961220 1709556 1577792
1786288302.116996327 1709556 1578436
1786288302.430933063 1709556 1579840
1786288302.759722545 1709556 1581388
1786288303.064714231 1709556 1582228
1786288303.404398030 1709556 1583188
1786288303.777633818 1709556 1584316
1786288304.072188364 1709556 1586076
1786288304.346622106 1709556 1587272
1786288304.647288169 1709556 1588424
1786288304.920245492 1709556 1589260
1786288305.209332213 1709556 1589636
1786288305.483540403 1709556 1590188
1786288305.771760984 1709556 1590920
1786288306.085969243 1709556 1591864
1786288306.374322760 1709556 1592608
1786288306.658235023 1709556 1593096
1786288306.942560950 1709556 1593548
1786288307.237184140 1709556 1594188
1786288307.536589803 1709556 1594960
1786288307.839410346 1709556 1595776
1786288308.122455823 1709556 1596444
1786288308.452132962 1709556 1597508
1786288308.747679189 1709556 1598136
1786288309.029148649 1709556 1598896
1786288309.304355079 1709556 1599388
1786288309.598361019 1709556 1600068
1786288309.915483648 1709556 1600516
1786288310.203675173 1709556 1601028
1786288310.479809024 1709556 1601544
1786288310.797163459 1709556 1602980
1786288311.092793645 1709556 1603384
1786288311.387809070 1709556 1604532
1786288311.677369283 1709556 1605036
1786288311.948866937 1709556 1605640
1786288312.246866471 1709556 1606316
1786288312.534742959 1709556 1606852
1786288312.818885119 1709556 1607244
1786288313.100162487 1709556 1607540
1786288313.383258253 1709556 1607732
1786288313.671261756 1709556 1607956
1786288313.966486561 1709556 1608328
1786288314.251149157 1709556 1609044
1786288314.536517798 1709556 1609536
1786288314.813312055 1709556 1609976
1786288315.111809210 1709556 1610304
1786288315.391777751 1709556 1610588
1786288315.666179956 1709556 1610964
1786288315.992237151 1709556 1611224
1786288316.292030344 1709556 1611416
1786288316.585951149 1709556 1611704
1786288316.913054678 1709556 1611932
1786288317.205337988 1709556 1612076
1786288317.491146903 1709556 1612376
1786288317.869033513 1709556 1612752
1786288318.176839499 1709556 1613108
1786288318.453280779 1709556 1613464
1786288318.758377171 1709556 1613656
1786288319.060762905 1709556 1613832
1786288319.382649516 1709556 1614108
1786288319.676265890 1709556 1614388
1786288319.947621475 1709556 1614672
1786288320.265852980 1709556 1614908
1786288320.594055956 1709556 1615116
1786288320.937094655 1709556 1615396
1786288321.215545293 1709556 1615596
1786288321.521489337 1709556 1615904
1786288321.792935674 1709556 1616072
1786288322.068622256 1709556 1616272
1786288322.363866045 1710580 1616528
1786288322.711821685 1710580 1616724
1786288323.020359100 1710580 1617004
1786288323.304284591 1710580 1617204
1786288323.591959249 1710580 1617360
1786288323.874349734 1710580 1617584
1786288324.156030658 1710580 1617764
1786288324.433066886 1710580 1617980
1786288324.712884714 1710580 1618300
1786288325.030410764 1710580 1618584
1786288325.352179638 1710580 1618840
1786288325.654924719 1710580 1619000
1786288325.956723696 1710580 1619180
1786288326.239159934 1710580 1619368
1786288326.566361047 1710580 1619532
1786288326.913570341 1710580 1619748
1786288327.187156675 1710580 1619936
1786288327.525849694 1710580 1620208
1786288327.826814505 1710580 1620460
1786288328.133764789 1710580 1620596
1786288328.472044094 1710580 1620728
1786288328.840609099 1710580 1621032
1786288329.222355611 1710580 1621364
1786288329.496933440 1710580 1621588
1786288329.773307085 1710580 1621760
1786288330.076919500 1710580 1621952
1786288330.345910033 1710580 1622064
1786288330.623310394 1710580 1622168
1786288330.919502418 1710580 1622396
1786288331.186541040 1710580 1622580
1786288331.463605590 1710580 1622764
1786288331.788751691 1710580 1622900
1786288332.087309624 1710580 1623004
1786288332.425814182 1710580 1623148
1786288332.717866267 1710580 1623284
1786288333.021263131 1710580 1623416
1786288333.317482734 1710580 1623572
1786288333.610727950 1710580 1623832
1786288333.891627725 1710580 1623988
1786288334.171539452 1710580 1624164
1786288334.550330564 1710580 1624320
1786288334.873055191 1710580 1624520
1786288335.184833179 1710580 1624652
1786288335.487106431 1710580 1624796
1786288335.774009375 1710580 1624924
1786288336.056250195 1710580 1625136
1786288336.326861404 1710580 1625264
1786288336.598976197 1710580 1625396
1786288336.912532928 1710580 1625564
1786288337.194925899 1710580 1625692
1786288337.465120104 1710580 1625724
1786288337.776714814 1710580 1625784
1786288338.042372719 1710580 1625936
1786288338.321742156 1710580 1626092
1786288338.640903093 1710580 1626204
1786288338.977639822 1710580 1626332
1786288339.282174364 1710580 1626548
1786288339.558657557 1710580 1626712
1786288339.831609919 1710580 1626820
1786288340.134621526 1710580 1626952
1786288340.421361346 1710580 1627168
1786288340.747036538 1710580 1627304
1786288341.034181845 1710580 1627368
1786288341.371315829 1710580 1627468
1786288341.699222574 1710580 1627612
1786288341.998649681 1710580 1627700
1786288342.287646119 1710580 1627804
1786288342.578944671 1710580 1628052
1786288342.886358993 1710580 1628176
1786288343.171720249 1710580 1628352
1786288343.443130511 1710580 1628420
1786288343.781157551 1710580 1628480
1786288344.066200480 1710580 1628552
1786288344.366350472 1710580 1628672
1786288344.676593132 1710580 1628796
1786288345.008334880 1710580 1628900
1786288345.315874148 1710580 1628940
1786288345.615817954 1710580 1629032
1786288345.960766220 1710580 1629148
1786288346.235646084 1710580 1629288
1786288346.510328705 1710580 1629428
1786288346.793071644 1710580 1629528
1786288347.064499075 1710580 1629608
1786288347.396062227 1710580 1629660
1786288347.697770315 1710580 1629740
1786288347.996895912 1710580 1629824
1786288348.280993039 1710580 1629904
1786288348.562128009 1710580 1629992
1786288348.883116905 1710580 1630072
1786288349.217134505 1710580 1630164
1786288349.522275139 1710580 1630236
1786288349.806054768 1710580 1630292
1786288350.077385737 1710580 1630348
1786288350.362207536 1710580 1630472
1786288350.665035027 497944 481380
