1786288350.941570221 66568 8212
1786288351.195641502 525348 519948
1786288351.500734237 918588 900776
1786288351.780420444 1381468 1376348
1786288352.095340748 1710248 1538780
1786288352.389014113 1710248 1584168
1786288352.689257706 1710248 1609220
1786288352.971866843 1710248 1636388
1786288353.281355544 1710248 1652568
1786288353.571908530 1710248 1663048
1786288353.900827204 1710248 1668464
1786288354.196438012 1710248 1671716
1786288354.476893165 1710248 1674308
1786288354.763937800 1710248 1676436
1786288355.059374664 1710248 1677944
1786288355.360846838 1710248 1679072
1786288355.665203166 1710248 1680640
1786288356.004521807 1710248 1681736
1786288356.282892024 1710248 1682992
1786288356.573722517 1710248 1683632
1786288356.859460995 1710248 1684480
1786288357.158254068 1710248 1685024
1786288357.502509476 1710248 1685524
1786288357.778046046 1710248 1686220
1786288358.056630092 1710248 1686824
1786288358.358971079 1710248 1687460
1786288358.647813737 1710248 1687968
1786288358.931630666 1710248 1688468
1786288359.227531922 1710248 1688828
1786288359.548923048 1710248 1689252
1786288359.869298215 1710248 1689772
1786288360.306699068 1710248 1690140
1786288360.589740979 1710248 1690572
1786288360.887774432 1710248 1690988
1786288361.194402241 1710248 1691324
1786288361.486844280 1710248 1691800
1786288361.771480421 1710248 1692240
1786288362.090060302 1710248 1692688
1786288362.394729431 1710248 1693064
1786288362.673358627 1710248 1693572
1786288362.952341718 1710248 1694056
1786288363.242033181 1710248 1694452
1786288363.522589211 1710248 1694776
1786288363.836396162 1710248 1695104
1786288364.176907276 1710248 1695372
1786288364.521278664 1710248 1695648
1786288364.862157667 1710248 1695900
1786288365.138551866 1710248 1696124
1786288365.416503265 1710248 1696312
1786288365.710329910 1710248 1696544
1786288366.014087884 1710248 1696764
1786288366.287008396 1710248 1696916
1786288366.587385542 1710248 1697004
1786288366.868510808 1710248 1697108
1786288367.190013398 1710248 1697256
1786288367.508100745 1710248 1697432
1786288367.815204920 1710248 1697672
1786288368.163472549 1710248 1697904
1786288368.503138400 1710248 1698096
1786288368.780740597 1710248 1698228
1786288369.104067182 1710248 1698352
1786288369.436545276 1710248 1698484
1786288369.746390922 1710248 1698608
1786288370.026678007 1710248 1698704
1786288370.304651687 1710248 1698840
1786288370.585605785 1711272 1698980
1786288370.882611003 1711272 1699120
1786288371.158524713 1711272 1699256
1786288371.440844902 1711272 1699372
1786288371.762126803 1711272 1699496
1786288372.054448119 1711272 1699648
1786288372.339561810 1711272 1699768
1786288372.616543236 1711272 1699844
1786288372.913224001 1711272 1699968
1786288373.202769377 1711272 1700068
1786288373.526568896 1711272 1700172
1786288373.809178752 1711272 1700400
1786288374.090130773 1711272 1700488
1786288374.362910712 1711272 1700600
1786288374.647135658 1711272 1700716
1786288374.927116413 1711272 1700840
1786288375.230508366 1711272 1700944
1786288375.521164248 1711272 1701036
1786288375.837117987 1711272 1701148
1786288376.126431810 1711272 1701248
1786288376.420829842 1711272 1701356
1786288376.699207912 1711272 1701460
1786288376.973748158 1711272 1701560
1786288377.324219744 1711272 1701648
1786288377.610771586 1711272 1701732
1786288377.887414980 1711272 1701812
1786288378.175228473 1711272 1701880
1786288378.460336058 1711272 1701956
1786288378.757616720 1711272 1702064
1786288379.072773289 1711272 1702176
1786288379.374840355 1711272 1702272
1786288379.675666194 1711272 1702372
1786288379.978244389 1711272 1702452
1786288380.310231974 1711272 1702492
1786288380.598252097 1711272 1702532
1786288380.893775151 1711272 1702576
1786288381.203218328 1711272 1702660
1786288381.490155537 1711272 1702744
1786288381.802717661 1711272 1702816
1786288382.104643209 1711272 1702896
1786288382.405772032 1711272 1702964
1786288382.749424330 1711272 1703048
1786288383.050635232 1711272 1703108
1786288383.334328991 1711272 1703168
1786288383.608449000 1711272 1703216
1786288383.901403398 1711272 1703288
1786288384.178198286 1711272 1703344
1786288384.459699457 1711272 1703392
1786288384.752158754 1711272 1703436
1786288385.025419196 1711272 1703468
1786288385.350788877 1711272 1703504
1786288385.653419584 1711272 1703556
1786288385.979680194 1711272 1703620
1786288386.276945999 1711272 1703692
1786288386.552840857 1711272 1703756
1786288386.828773023 1711272 1703792
1786288387.108742966 1711272 1703860
1786288387.414248196 1711272 1703920
1786288387.702682628 1711272 1703988
1786288387.978261646 1711272 1704048
1786288388.261647814 1711272 1704112
1786288388.539821204 1711272 1704184
1786288388.788594583 134212 129916
