1786288509.507710788 112824 90716
1786288509.731689089 112824 95672
1786288509.951261954 112824 97348
1786288510.173336684 112824 98488
1786288510.396983025 112824 99332
1786288510.620672352 112824 99636
1786288510.840432007 112824 100000
1786288511.058459110 112824 100280
1786288511.284694690 112824 100484
1786288511.503345682 112824 100732
1786288511.720212146 112824 100916
1786288511.942956678 112824 101040
1786288512.173657604 112824 101100
1786288512.392312183 112824 101228
1786288512.610064307 112824 101392
1786288512.828112090 112824 101468
1786288513.047920490 112824 101496
1786288513.265739539 112824 101628
1786288513.482588824 112824 101684
1786288513.703551948 112824 101736
1786288513.922838340 112824 101792
1786288514.143647480 112824 101876
1786288514.362821715 112824 101912
1786288514.579730225 112824 101936
1786288514.802564985 112824 101976
1786288515.026933021 112824 102008
1786288515.248385539 112824 102032
1786288515.475576563 112824 102056
1786288515.705356457 112824 102104
1786288515.923438552 112824 102124
1786288516.140503179 112824 102164
1786288516.358548666 112824 102188
1786288516.573344551 112824 102208
1786288516.795644796 112824 102224
1786288517.016900639 112824 102244
1786288517.235879182 112824 102276
1786288517.455504960 112824 102304
1786288517.671567011 112824 102328
1786288517.892250870 112824 102352
1786288518.119822263 112824 102372
1786288518.354579454 112824 102400
1786288518.576313594 112824 102428
1786288518.797536786 112824 102444
1786288519.025849062 112824 102460
1786288519.257863427 112824 102472
1786288519.485518511 112824 102496
1786288519.716074362 112824 102516
1786288519.943163582 112824 102528
1786288520.166970175 112824 102548
1786288520.389237139 112824 102564
1786288520.612806650 112824 102592
1786288520.832570413 112824 102616
1786288521.067988211 112824 102640
1786288521.295810210 112824 102652
1786288521.544263846 112824 102668
1786288521.767518805 112824 102684
1786288521.988369726 112824 102696
1786288522.212325964 112824 102716
1786288522.438215176 112824 102728
1786288522.665658952 112824 102752
1786288522.893816151 112824 102764
1786288523.115015089 112824 102780
1786288523.340462121 112824 102796
1786288523.567031693 112824 102812
1786288523.799501039 112824 102832
1786288524.020387285 112824 102848
1786288524.243090613 112824 102860
1786288524.464589426 113160 102192
1786288524.686693036 113160 102208
1786288524.909255403 113160 102224
1786288525.128297478 113160 102240
1786288525.349629037 113160 102252
1786288525.572604192 113160 102268
1786288525.796851368 113160 102284
1786288526.013168440 113160 102296
1786288526.233481620 113160 102316
1786288526.454357410 113160 102336
1786288526.676808548 113160 102356
1786288526.900327573 113160 102372
1786288527.119621629 113160 102388
1786288527.345351740 113160 102404
1786288527.564841351 113160 102416
1786288527.786797852 113160 102436
1786288528.014384530 113160 102452
1786288528.232041669 113160 102468
1786288528.457707996 113160 102480
1786288528.681222401 113160 102500
1786288528.900126129 113160 102512
1786288529.115724426 113160 102528
1786288529.336823228 113160 102544
1786288529.563590550 113160 102560
1786288529.790594898 113160 102576
1786288530.008531125 113160 102596
1786288530.231317830 113160 102612
1786288530.453804277 113160 102628
1786288530.678711895 113160 102644
1786288530.897814066 113160 102660
1786288531.115666217 113160 102672
1786288531.331016895 113160 102692
1786288531.550445657 113160 102704
1786288531.770734326 113160 102724
1786288531.994064247 113160 102740
1786288532.207656486 113160 102756
1786288532.427438673 113160 102776
1786288532.649863814 113160 102796
1786288532.870122578 113160 102812
1786288533.089079808 113160 102828
1786288533.305835554 113160 102844
1786288533.523378990 113160 102860
1786288533.744958461 113160 102872
1786288533.962724888 113160 102888
1786288534.181878137 113160 102900
1786288534.399445759 113160 102916
1786288534.617126548 113160 102936
1786288534.839470710 113160 102948
1786288535.059169664 113160 102968
1786288535.274925511 113160 102984
1786288535.492367250 113160 103004
1786288535.705584290 113160 103024
1786288535.933396140 113160 103040
1786288536.168025084 113160 103056
1786288536.387156242 113160 103072
1786288536.603396020 113160 103092
1786288536.815734558 113160 103108
1786288537.028212638 113160 103128
1786288537.246374669 113160 103148
1786288537.466093089 113160 103164
1786288537.680342700 113160 103184
1786288537.900437001 113160 103204
1786288538.115328694 113160 103224
