1786288168.601904495 1148116 560292
1786288168.823930753 1710432 943144
1786288169.063800151 1710432 1168304
1786288169.305903398 1710432 1289260
1786288169.535860963 1710432 1372648
1786288169.771830360 1710432 1432292
1786288170.010287005 1710432 1468324
1786288170.248922085 1710432 1488472
1786288170.487402909 1710432 1512288
1786288170.722085592 1710432 1524672
1786288170.961938575 1710432 1533964
1786288171.208504334 1710432 1541932
1786288171.446220685 1710432 1547796
1786288171.700270569 1710432 1552816
1786288171.938793291 1710432 1557824
1786288172.181654729 1710432 1560988
1786288172.424907707 1710432 1563552
1786288172.668306300 1710432 1566108
1786288172.918019931 1710432 1568064
1786288173.159514902 1710432 1570308
1786288173.399591704 1710432 1572588
1786288173.633790142 1710432 1575192
1786288173.879114983 1710432 1577112
1786288174.112511406 1710432 1578236
1786288174.357962995 1710432 1579276
1786288174.603257511 1710432 1581180
1786288174.838710715 1710432 1582892
1786288175.088892712 1710432 1584012
1786288175.323494413 1710432 1585156
1786288175.572640855 1710432 1586532
1786288175.814699367 1710432 1587968
1786288176.051813492 1710432 1589208
1786288176.307089083 1710432 1590108
1786288176.546547428 1710432 1590720
1786288176.792125308 1710432 1591264
1786288177.025508492 1710432 1591996
1786288177.266256289 1710432 1592812
1786288177.519566426 1710432 1593716
1786288177.752604025 1710432 1594564
1786288177.991329431 1710432 1595160
1786288178.224132668 1710432 1596200
1786288178.472116413 1710432 1597068
1786288178.722797223 1710432 1598336
1786288178.954674233 1710432 1598996
1786288179.200399624 1710432 1599628
1786288179.435583651 1710432 1600184
1786288179.679384326 1710432 1600864
1786288179.920561531 1710432 1601404
1786288180.160061259 1710432 1602184
1786288180.402126723 1710432 1602896
1786288180.636581267 1710432 1604116
1786288180.877371085 1710432 1605016
1786288181.123438426 1710432 1605684
1786288181.371636707 1710432 1606420
1786288181.621394283 1710432 1607196
1786288181.870929070 1710432 1607796
1786288182.121990532 1710432 1608220
1786288182.360500001 1710432 1608544
1786288182.601571135 1710432 1608692
1786288182.846369442 1710432 1609012
1786288183.090491903 1710432 1609648
1786288183.342667692 1710432 1610276
1786288183.591944084 1710432 1610724
1786288183.831851576 1710432 1611104
1786288184.078827466 1710432 1611376
1786288184.317387596 1710432 1611820
1786288184.551089953 1710432 1612084
1786288184.806076759 1710432 1612300
1786288185.081336298 1710432 1612564
1786288185.418688469 1710432 1612748
1786288185.696607055 1710432 1612884
1786288185.976651098 1710432 1613072
1786288186.291462895 1710432 1613292
1786288186.616270088 1710432 1613660
1786288186.945550137 1710432 1613960
1786288187.241557643 1710432 1614344
1786288187.554741141 1710432 1614564
1786288187.817414973 1710432 1614708
1786288188.089276187 1710432 1614876
1786288188.470797043 1710432 1615064
1786288188.760014435 1710432 1615276
1786288189.034300340 1710432 1615500
1786288189.312532907 1710432 1615768
1786288189.595312095 1710432 1615924
1786288189.873467597 1710432 1616084
1786288190.149791879 1710432 1616192
1786288190.452737030 1710432 1616380
1786288190.732814989 1710432 1616552
1786288191.041655182 1710432 1616836
1786288191.321444259 1710432 1617000
1786288191.601095990 1710432 1617280
1786288191.873062778 1711456 1617424
1786288192.184349181 1711456 1617644
1786288192.493864277 1711456 1617880
1786288192.793564169 1711456 1618072
1786288193.070385361 1711456 1618208
1786288193.418439657 1711456 1618440
1786288193.748913043 1711456 1618656
1786288194.030326225 1711456 1618896
1786288194.315181751 1711456 1619132
1786288194.599160951 1711456 1619324
1786288194.895070810 1711456 1619460
1786288195.202263979 1711456 1619560
1786288195.561012872 1711456 1619688
1786288195.851230171 1711456 1619856
1786288196.147306663 1711456 1620016
1786288196.450329999 1711456 1620148
1786288196.731957868 1711456 1620284
1786288197.071994008 1711456 1620408
1786288197.371989981 1711456 1620560
1786288197.668517819 1711456 1620684
1786288197.950958550 1711456 1620916
1786288198.304265183 1711456 1621108
1786288198.599990308 1711456 1621336
1786288198.895652010 1711456 1621488
1786288199.210678290 1711456 1621632
1786288199.493484086 1711456 1621912
1786288199.762209645 1711456 1622088
1786288200.046222820 1711456 1622328
1786288200.310136091 1711456 1622472
1786288200.605135372 1711456 1622636
1786288200.875718469 1711456 1622804
1786288201.165297360 1711456 1622980
1786288201.410097492 1711456 1623184
1786288201.689947273 1711456 1623340
1786288201.982350945 1711456 1623528
1786288202.248214053 1711456 1623708
1786288202.511394330 1711456 1623820
1786288202.772454361 1711456 1623924
1786288203.030876628 1711456 1624072
1786288203.291739359 1711456 1624224
1786288203.555064693 1711456 1624380
1786288203.838173203 1711456 1624680
1786288204.091115861 1711456 1624852
1786288204.364133703 1711456 1624960
1786288204.635951176 1711456 1625152
1786288204.907173436 1711456 1625344
1786288205.175414280 1711456 1625468
1786288205.431291859 1711456 1625648
1786288205.690964707 1711456 1625772
1786288205.949630334 1711456 1626028
1786288206.190774754 1711456 1626200
1786288206.428152440 1711456 1626336
1786288206.676280904 1711456 1626552
1786288206.948749260 1711456 1626580
1786288207.264695456 1711456 1626608
1786288207.518191575 1711456 1626740
1786288207.762814652 1711456 1626948
1786288208.030635829 1711456 1627004
1786288208.273854458 1711456 1627132
1786288208.512735732 1711456 1627464
1786288208.750256546 1711456 1627632
1786288208.988568879 1711456 1627792
1786288209.226182394 1711456 1627920
1786288209.482631225 1711456 1628160
1786288209.722078965 1711456 1628248
1786288209.960753399 1711456 1628396
1786288210.199146273 1711456 1628540
1786288210.437400799 1711456 1628648
1786288210.677565514 1711456 1628900
1786288210.933926857 1711456 1629052
1786288211.177275595 1711456 1629256
1786288211.421369128 1711456 1629368
1786288211.720519459 1711456 1629484
1786288212.014572732 1711456 1629664
1786288212.328521005 1711456 1629744
1786288212.636712407 1711456 1629804
1786288212.921122185 1711456 1629896
1786288213.202929733 1711456 1629996
1786288213.487317666 1711456 1630100
1786288213.796904871 1711456 1630196
1786288214.107835532 1711456 1630332
1786288214.382247110 1711456 1630408
1786288214.664857210 1711456 1630488
1786288214.963495477 1711456 1630544
1786288215.250585595 1711456 1630612
1786288215.524634984 1711456 1630696
1786288215.790476531 1711456 1630760
1786288216.035809992 1711456 1630880
1786288216.282102449 1711456 1631040
1786288216.541885782 1711456 1631120
1786288216.801696752 1711456 1631196
1786288217.078053951 1711456 1631340
1786288217.346207633 859332 842672
