1786288389.055662670 1700 676
1786288389.296624453 1710248 214944
1786288389.535473119 1710248 406004
1786288389.792203216 1710248 537072
1786288390.043878218 1710248 670240
1786288390.323190293 1710248 786472
1786288390.614532437 1710248 914120
1786288390.909918725 1710248 984212
1786288391.194964114 1710248 1051836
1786288391.459632074 1710248 1092724
1786288391.727691533 1710248 1122904
1786288392.090151062 1710248 1150208
1786288392.383151572 1710248 1174504
1786288392.644325575 1710248 1196800
1786288392.908060237 1710248 1207728
1786288393.206152108 1710248 1221280
1786288393.508078212 1710248 1235000
1786288393.824093095 1710248 1246708
1786288394.093293991 1710248 1257768
1786288394.403875443 1710248 1266620
1786288394.685583031 1710248 1275120
1786288394.954243099 1710248 1281028
1786288395.252146672 1710248 1287660
1786288395.568589461 1710248 1295632
1786288395.847134377 1710248 1301380
1786288396.154917512 1710248 1307372
1786288396.426031020 1710248 1312932
1786288396.696024858 1710248 1318140
1786288396.981672035 1710248 1321204
1786288397.257590225 1710248 1323776
1786288397.602193832 1710248 1327816
1786288397.887706289 1710248 1333136
1786288398.167671000 1710248 1337416
1786288398.442057617 1710248 1340428
1786288398.715269573 1710248 1343988
1786288398.996928971 1710248 1348144
1786288399.319682083 1710248 1352088
1786288399.615841479 1710248 1356192
1786288399.890565410 1710248 1359536
1786288400.196357938 1710248 1362448
1786288400.465864576 1710248 1365288
1786288400.742667880 1710248 1368700
1786288401.035842709 1710248 1373360
1786288401.373396578 1710248 1377312
1786288401.651031003 1710248 1381492
1786288401.961884349 1710248 1385204
1786288402.249723438 1710248 1387908
1786288402.585567951 1710248 1390388
1786288402.891823873 1710248 1392004
1786288403.181412429 1710248 1393416
1786288403.474406167 1710248 1395044
1786288403.782145637 1710248 1397764
1786288404.063810448 1710248 1400268
1786288404.341034052 1710248 1402432
1786288404.617302579 1710248 1404044
1786288404.895987611 1710248 1405392
1786288405.175341912 1710248 1406952
1786288405.446454429 1710248 1408496
1786288405.718179468 1710248 1409688
1786288406.044160582 1710248 1411616
1786288406.317741686 1710248 1413932
1786288406.598829690 1710248 1415536
1786288406.871379313 1710248 1416980
1786288407.176677251 1710248 1418416
1786288407.481663872 1710248 1419916
1786288407.752082073 1710248 1421060
1786288408.061564170 1710248 1422452
1786288408.386489436 1710248 1423868
1786288408.679874293 1710600 1424864
1786288409.070502721 1710600 1426656
1786288409.386545115 1710600 1427768
1786288409.731280318 1710600 1429040
1786288410.037323693 1710600 1430092
1786288410.309139078 1710600 1431388
1786288410.583234036 1710600 1432416
1786288410.857865919 1710600 1433436
1786288411.178332698 1710600 1434356
1786288411.462631297 1710600 1435024
1786288411.777687744 1710600 1435888
1786288412.073793750 1710600 1437052
1786288412.356962200 1710600 1438064
1786288412.633940700 1710600 1438728
1786288412.922805137 1710600 1439596
1786288413.247744716 1710600 1440364
1786288413.563908238 1710600 1441320
1786288413.846838227 1710600 1442180
1786288414.137480213 1710600 1442904
1786288414.415408070 1710600 1443544
1786288414.698415833 1710600 1444444
1786288414.990613125 1710600 1445252
1786288415.305895199 1710600 1446104
1786288415.600189503 1710600 1446700
1786288415.886917959 1710600 1447684
1786288416.163140776 1710600 1448528
1786288416.443135737 1710600 1449368
1786288416.725655123 1710600 1450136
1786288417.041516090 1710600 1450892
1786288417.323568107 1710600 1451568
1786288417.610027004 1710600 1452192
1786288417.883402675 1710600 1452740
1786288418.204514299 1710600 1453684
1786288418.494606672 1710600 1454220
1786288418.772404854 1710600 1454832
1786288419.068203564 1710600 1455268
1786288419.368113141 1710600 1455636
1786288419.640869452 1710600 1456408
1786288419.916514363 1710600 1456852
1786288420.191244823 1710600 1457384
1786288420.462731289 1710600 1458224
1786288420.738210909 1710600 1458472
1786288421.017797977 1710600 1458944
1786288421.326425363 1710600 1459752
1786288421.591742973 1710600 1460204
1786288421.924824935 1710600 1460832
1786288422.219330808 1710600 1461388
1786288422.518439391 1710600 1462044
1786288422.823046228 1710600 1462824
1786288423.102177905 1710600 1463312
1786288423.429237196 1710600 1463592
1786288423.697091655 1710600 1464176
1786288423.980436205 1710600 1464624
1786288424.255691613 1710600 1464956
1786288424.547050769 1710600 1465552
1786288424.832337261 1710600 1466132
1786288425.128799142 1710600 1466820
1786288425.397505070 1710600 1467056
1786288425.686314570 1710600 1467348
1786288426.014769853 1710600 1467732
1786288426.337597413 1710600 1468080
1786288426.623670398 1710600 1468532
1786288426.941710053 1710600 1468924
1786288427.231803099 1710600 1469308
1786288427.497444584 924120 816280
