2026-08-09T12:36:29Z 21.39 25.95 18.08
2026-08-09T12:37:29Z 18.98 24.46 18.05
2026-08-09T12:38:29Z 28.36 25.39 18.73
2026-08-09T12:39:29Z 34.30 27.55 19.89
2026-08-09T12:40:29Z 33.94 27.98 20.48
2026-08-09T12:41:29Z 36.97 30.22 21.74
2026-08-09T12:42:29Z 24.90 27.97 21.49
2026-08-09T12:43:29Z 17.16 25.22 20.95
2026-08-09T12:44:29Z 16.07 23.28 20.54
2026-08-09T12:45:29Z 26.26 24.75 21.21
2026-08-09T12:46:30Z 31.77 26.49 22.02
2026-08-09T12:47:30Z 36.81 28.91 23.13
2026-08-09T12:48:30Z 33.33 29.52 23.72
2026-08-09T12:49:30Z 40.80 31.86 24.86
2026-08-09T12:50:30Z 42.70 34.14 26.09
2026-08-09T12:51:30Z 46.63 36.51 27.39
2026-08-09T12:52:30Z 41.71 37.31 28.26
2026-08-09T12:53:30Z 29.11 34.37 27.81
2026-08-09T12:54:30Z 20.75 30.95 27.04
2026-08-09T12:55:30Z 22.25 29.59 26.82
2026-08-09T12:56:30Z 19.59 27.41 26.24
2026-08-09T12:57:30Z 21.25 26.60 26.04
2026-08-09T12:58:30Z 17.84 24.84 25.48
2026-08-09T12:59:30Z 18.01 23.41 24.93
2026-08-09T13:00:30Z 24.57 24.00 25.02
2026-08-09T13:01:31Z 32.46 26.35 25.77
2026-08-09T13:02:31Z 28.64 26.61 25.91
2026-08-09T13:03:31Z 34.23 28.34 26.53
2026-08-09T13:04:31Z 28.37 27.85 26.49
2026-08-09T13:05:31Z 20.43 25.62 25.80
2026-08-09T13:06:31Z 26.40 25.69 25.77
2026-08-09T13:07:31Z 25.71 25.60 25.74
2026-08-09T13:08:31Z 21.74 24.69 25.43
2026-08-09T13:09:31Z 19.69 23.58 25.00
2026-08-09T13:10:31Z 12.47 20.79 23.95
2026-08-09T13:11:31Z 10.36 18.61 22.99
2026-08-09T13:12:31Z 9.60 16.83 22.10
2026-08-09T13:13:31Z 17.16 17.33 21.92
2026-08-09T13:14:31Z 12.91 16.07 21.20
2026-08-09T13:15:31Z 13.18 15.35 20.62
2026-08-09T13:16:31Z 13.83 15.25 20.26
2026-08-09T13:17:31Z 10.87 14.13 19.56
2026-08-09T13:18:31Z 11.78 13.73 19.08
2026-08-09T13:19:32Z 8.63 12.45 18.30
2026-08-09T13:20:32Z 10.35 12.14 17.82
2026-08-09T13:21:32Z 11.60 12.14 17.46
2026-08-09T13:22:32Z 12.34 12.11 17.11
2026-08-09T13:23:32Z 11.32 11.83 16.69
2026-08-09T13:24:32Z 13.68 12.40 16.58
2026-08-09T13:25:32Z 13.80 12.51 16.35
2026-08-09T13:26:32Z 16.62 13.64 16.50
2026-08-09T13:27:32Z 18.56 14.45 16.58
2026-08-09T13:28:32Z 23.21 16.53 17.17
2026-08-09T13:29:32Z 44.62 23.57 19.53
2026-08-09T13:30:32Z 54.68 30.16 22.04
2026-08-09T13:31:32Z 59.95 35.96 24.53
2026-08-09T13:32:32Z 71.30 43.17 27.71
2026-08-09T13:33:32Z 69.39 47.61 30.19
2026-08-09T13:34:32Z 67.75 50.75 32.34
2026-08-09T13:35:33Z 65.01 53.08 34.30
2026-08-09T13:36:33Z 74.10 57.28 36.89
2026-08-09T13:37:33Z 70.43 59.42 38.91
2026-08-09T13:38:33Z 60.24 58.41 39.85
2026-08-09T13:39:33Z 55.06 57.12 40.56
2026-08-09T13:40:33Z 51.98 55.73 41.11
2026-08-09T13:41:33Z 41.49 52.33 40.88
2026-08-09T13:42:33Z 50.66 52.64 41.68
2026-08-09T13:43:33Z 58.92 54.54 43.02
2026-08-09T13:44:33Z 64.19 56.70 44.47
2026-08-09T13:45:33Z 72.64 60.47 46.53
2026-08-09T13:46:33Z 73.29 62.91 48.25
2026-08-09T13:47:33Z 75.79 65.48 50.05
2026-08-09T13:48:33Z 77.42 67.56 51.72
2026-08-09T13:49:34Z 75.92 68.92 53.18
2026-08-09T13:50:34Z 73.72 69.58 54.40
2026-08-09T13:51:34Z 75.82 70.76 55.74
2026-08-09T13:52:34Z 69.17 69.79 56.35
2026-08-09T13:53:34Z 62.89 67.78 56.50
2026-08-09T13:54:34Z 63.51 66.78 56.85
2026-08-09T13:55:34Z 55.17 63.69 56.40
2026-08-09T13:56:34Z 49.36 60.60 55.80
2026-08-09T13:56:44Z 48.36 60.02 55.67
2026-08-09T13:57:34Z 54.14 59.83 55.83
2026-08-09T13:57:45Z 58.95 60.67 56.15
2026-08-09T13:58:34Z 53.21 59.21 55.91
2026-08-09T13:58:45Z 51.03 58.54 55.73
2026-08-09T13:59:34Z 47.63 56.31 55.10
2026-08-09T13:59:45Z 46.81 55.86 54.97
2026-08-09T14:00:34Z 48.15 54.52 54.54
2026-08-09T14:00:45Z 50.46 54.80 54.63
2026-08-09T14:01:34Z 52.63 54.48 54.52
2026-08-09T14:01:45Z 52.92 54.48 54.52
2026-08-09T14:02:35Z 54.33 54.70 54.60
2026-08-09T14:02:45Z 54.26 54.68 54.59
2026-08-09T14:03:35Z 48.17 52.99 54.03
2026-08-09T14:03:45Z 48.86 52.98 54.01
2026-08-09T14:04:35Z 47.21 52.05 53.65
2026-08-09T14:04:45Z 47.58 51.96 53.60
2026-08-09T14:05:35Z 49.96 51.85 53.47
2026-08-09T14:05:45Z 49.61 51.71 53.41
2026-08-09T14:06:35Z 45.31 50.12 52.77
2026-08-09T14:06:45Z 45.39 49.97 52.70
2026-08-09T14:07:35Z 46.07 49.38 52.35
2026-08-09T14:07:45Z 49.17 49.93 52.49
2026-08-09T14:08:35Z 46.63 48.88 51.99
2026-08-09T14:08:45Z 46.31 48.72 51.90
2026-08-09T14:09:35Z 48.09 48.46 51.63
2026-08-09T14:09:45Z 51.07 49.10 51.80
2026-08-09T14:10:35Z 40.20 46.57 50.81
2026-08-09T14:10:45Z 36.73 45.62 50.45
2026-08-09T14:11:35Z 26.53 41.41 48.76
2026-08-09T14:11:46Z 27.37 41.10 48.58
2026-08-09T14:12:35Z 49.37 44.49 49.32
2026-08-09T14:12:46Z 52.21 45.25 49.51
2026-08-09T14:13:35Z 45.86 44.80 49.15
2026-08-09T14:13:46Z 45.79 44.81 49.10
2026-08-09T14:14:36Z 39.41 43.21 48.33
2026-08-09T14:14:46Z 39.89 43.19 48.27
2026-08-09T14:15:36Z 38.22 42.20 47.66
2026-08-09T14:15:46Z 42.53 42.99 47.86
2026-08-09T14:16:36Z 47.91 44.47 48.11
2026-08-09T14:16:46Z 49.59 44.93 48.22
2026-08-09T14:17:36Z 61.32 48.88 49.40
2026-08-09T14:17:46Z 62.91 49.62 49.64
2026-08-09T14:18:36Z 66.40 52.23 50.50
2026-08-09T14:18:46Z 67.73 52.98 50.77
2026-08-09T14:19:36Z 72.36 56.48 52.07
2026-08-09T14:19:46Z 71.01 56.71 52.19
2026-08-09T14:20:36Z 65.31 57.40 52.67
2026-08-09T14:20:46Z 66.22 57.86 52.87
2026-08-09T14:21:36Z 62.13 57.89 53.13
2026-08-09T14:21:46Z 62.52 58.12 53.26
2026-08-09T14:22:36Z 60.42 58.20 53.54
2026-08-09T14:22:46Z 60.78 58.37 53.65
2026-08-09T14:23:36Z 60.65 58.69 54.01
2026-08-09T14:23:46Z 58.96 58.41 53.99
2026-08-09T14:24:36Z 53.52 56.92 53.69
2026-08-09T14:24:46Z 58.13 57.76 54.01
2026-08-09T14:25:36Z 61.86 59.04 54.64
2026-08-09T14:25:47Z 60.62 58.90 54.66
2026-08-09T14:26:36Z 58.54 58.80 54.86
2026-08-09T14:26:47Z 53.08 57.62 54.52
2026-08-09T14:27:36Z 32.13 51.29 52.53
2026-08-09T14:27:47Z 28.50 49.88 52.06
2026-08-09T14:28:37Z 19.27 44.03 49.95
2026-08-09T14:28:47Z 18.34 43.03 49.56
2026-08-09T14:29:37Z 15.99 38.64 47.73
2026-08-09T14:29:47Z 16.02 37.91 47.39
2026-08-09T14:30:37Z 17.32 34.71 45.80
2026-08-09T14:30:47Z 18.56 34.41 45.58
2026-08-09T14:31:37Z 26.63 34.00 44.84
2026-08-09T14:31:47Z 27.52 33.95 44.71
2026-08-09T14:32:37Z 31.10 33.95 44.15
2026-08-09T14:32:47Z 30.92 33.82 44.00
2026-08-09T14:33:37Z 37.60 35.03 43.86
2026-08-09T14:33:47Z 37.35 35.06 43.78
2026-08-09T14:34:37Z 36.49 35.13 43.34
2026-08-09T14:34:47Z 38.14 35.52 43.38
2026-08-09T14:35:37Z 41.32 36.82 43.41
2026-08-09T14:35:47Z 40.42 36.78 43.33
2026-08-09T14:36:37Z 45.07 38.64 43.62
2026-08-09T14:36:47Z 45.46 38.95 43.66
2026-08-09T14:37:37Z 45.52 39.83 43.71
2026-08-09T14:37:47Z 46.29 40.19 43.79
2026-08-09T14:38:37Z 46.12 41.27 43.98
2026-08-09T14:38:47Z 47.47 41.72 44.10
2026-08-09T14:39:37Z 44.64 42.15 44.13
2026-08-09T14:39:47Z 41.90 41.65 43.95
2026-08-09T14:40:38Z 34.68 39.63 43.13
2026-08-09T14:40:47Z 34.43 39.42 43.03
2026-08-09T14:41:38Z 30.14 37.49 42.18
2026-08-09T14:41:48Z 30.40 37.31 42.07
2026-08-09T14:42:38Z 26.11 34.89 40.99
2026-08-09T14:42:48Z 23.48 34.04 40.65
2026-08-09T14:43:38Z 21.60 31.79 39.53
2026-08-09T14:43:48Z 20.20 31.16 39.24
2026-08-09T14:44:38Z 22.11 29.94 38.40
2026-08-09T14:44:48Z 22.81 29.83 38.27
2026-08-09T14:45:38Z 27.08 29.84 37.83
2026-08-09T14:45:48Z 27.27 29.80 37.73
2026-08-09T14:46:38Z 28.93 29.59 37.22
2026-08-09T14:46:48Z 30.51 29.91 37.25
2026-08-09T14:47:38Z 38.15 32.06 37.59
2026-08-09T14:47:48Z 38.10 32.26 37.60
2026-08-09T14:48:38Z 43.54 34.52 38.08
2026-08-09T14:48:48Z 43.92 34.90 38.16
2026-08-09T14:49:38Z 42.17 35.77 38.29
2026-08-09T14:49:48Z 43.57 36.29 38.43
2026-08-09T14:50:38Z 45.53 37.92 38.87
2026-08-09T14:50:48Z 45.81 38.24 38.97
2026-08-09T14:51:38Z 48.43 39.91 39.48
2026-08-09T14:51:48Z 49.32 40.37 39.64
2026-08-09T14:52:39Z 46.97 40.93 39.86
2026-08-09T14:52:48Z 46.32 40.99 39.89
2026-08-09T14:53:39Z 49.99 42.79 40.56
2026-08-09T14:53:48Z 49.50 42.92 40.62
2026-08-09T14:54:39Z 47.31 43.52 40.96
2026-08-09T14:54:48Z 45.68 43.29 40.91
2026-08-09T14:55:39Z 42.43 42.90 40.91
2026-08-09T14:55:49Z 40.97 42.58 40.83
2026-08-09T14:56:39Z 32.07 40.03 40.06
2026-08-09T14:56:49Z 31.00 39.55 39.90
2026-08-09T14:57:39Z 24.00 36.33 38.79
2026-08-09T14:57:49Z 22.56 35.61 38.53
2026-08-09T14:58:39Z 16.45 31.91 37.11
2026-08-09T14:58:49Z 17.04 31.53 36.93
2026-08-09T14:59:39Z 13.73 28.36 35.57
2026-08-09T14:59:49Z 14.23 27.99 35.37
2026-08-09T15:00:39Z 15.15 26.26 34.40
2026-08-09T15:00:49Z 15.81 26.05 34.24
2026-08-09T15:01:39Z 18.57 25.09 33.48
2026-08-09T15:01:49Z 18.17 24.79 33.29
2026-08-09T15:02:39Z 29.87 26.69 33.47
2026-08-09T15:02:49Z 30.92 27.01 33.51
2026-08-09T15:03:39Z 35.67 28.68 33.72
2026-08-09T15:03:49Z 34.66 28.69 33.67
2026-08-09T15:04:39Z 30.95 28.57 33.36
2026-08-09T15:04:49Z 31.19 28.70 33.35
2026-08-09T15:05:39Z 33.87 29.84 33.50
2026-08-09T15:05:49Z 33.53 29.90 33.48
2026-08-09T15:06:39Z 24.94 28.29 32.75
2026-08-09T15:06:49Z 23.80 27.94 32.59
2026-08-09T15:07:39Z 18.26 25.71 31.58
2026-08-09T15:07:49Z 17.85 25.39 31.42
2026-08-09T15:08:40Z 13.21 22.99 30.28
2026-08-09T15:08:49Z 12.56 22.53 30.06
2026-08-09T15:09:40Z 12.94 21.06 29.16
2026-08-09T15:09:49Z 15.47 21.32 29.15
2026-08-09T15:10:40Z 21.25 21.93 28.95
2026-08-09T15:10:49Z 23.68 22.43 29.03
2026-08-09T15:11:40Z 31.22 24.67 29.45
2026-08-09T15:11:49Z 34.08 25.50 29.67
2026-08-09T15:12:40Z 41.82 28.87 30.60
2026-08-09T15:12:49Z 41.69 29.27 30.71
2026-08-09T15:13:40Z 41.45 31.10 31.26
2026-08-09T15:13:50Z 42.14 31.58 31.41
2026-08-09T15:14:40Z 37.72 31.92 31.53
2026-08-09T15:14:50Z 37.58 32.10 31.60
2026-08-09T15:15:40Z 28.01 30.49 31.08
2026-08-09T15:15:50Z 25.72 29.92 30.89
2026-08-09T15:16:40Z 21.94 28.13 30.22
2026-08-09T15:16:50Z 20.27 27.56 30.01
2026-08-09T15:17:40Z 18.04 25.64 29.22
2026-08-09T15:17:50Z 19.88 25.78 29.23
2026-08-09T15:18:40Z 28.61 26.83 29.38
2026-08-09T15:18:50Z 31.53 27.52 29.58
2026-08-09T15:19:40Z 40.31 30.48 30.48
2026-08-09T15:19:50Z 41.51 31.07 30.67
2026-08-09T15:20:40Z 39.02 31.99 31.00
2026-08-09T15:20:50Z 38.70 32.16 31.07
2026-08-09T15:21:40Z 43.20 34.55 31.95
2026-08-09T15:21:50Z 45.88 35.40 32.26
2026-08-09T15:22:40Z 31.90 33.39 31.75
2026-08-09T15:22:50Z 30.27 33.00 31.64
2026-08-09T15:23:40Z 19.12 29.58 30.55
2026-08-09T15:23:50Z 17.98 29.00 30.35
2026-08-09T15:24:41Z 11.02 25.39 29.05
2026-08-09T15:24:50Z 10.02 24.70 28.78
2026-08-09T15:25:41Z 6.38 21.45 27.46
2026-08-09T15:25:50Z 6.09 20.89 27.21
2026-08-09T15:26:41Z 7.98 19.02 26.24
2026-08-09T15:26:50Z 7.81 18.62 26.03
2026-08-09T15:27:41Z 6.14 16.45 24.90
2026-08-09T15:27:50Z 6.04 16.09 24.69
2026-08-09T15:28:41Z 5.24 14.31 23.63
2026-08-09T15:28:50Z 5.52 14.07 23.45
2026-08-09T15:29:41Z 9.76 13.96 22.93
2026-08-09T15:29:50Z 10.38 13.96 22.83
