2026-08-11T18:49:13Z 17.67 12.96 13.01
2026-08-11T18:49:43Z 17.37 13.36 13.15
2026-08-11T18:50:13Z 21.29 14.74 13.62
2026-08-11T18:50:43Z 22.99 15.84 14.02
2026-08-11T18:51:13Z 30.81 18.42 14.94
2026-08-11T18:51:43Z 31.09 19.62 15.45
2026-08-11T18:52:13Z 35.09 21.97 16.38
2026-08-11T18:52:43Z 26.81 21.21 16.30
2026-08-11T18:53:13Z 24.31 21.15 16.44
2026-08-11T18:53:43Z 21.58 20.74 16.45
2026-08-11T18:54:13Z 30.28 23.04 17.36
2026-08-11T18:54:43Z 25.03 22.50 17.36
2026-08-11T18:55:13Z 24.72 22.61 17.56
2026-08-11T18:55:43Z 31.88 24.50 18.35
2026-08-11T18:56:13Z 43.03 27.88 19.67
2026-08-11T18:56:43Z 40.20 28.66 20.19
2026-08-11T18:57:13Z 40.48 29.84 20.85
2026-08-11T18:57:43Z 42.21 31.19 21.58
2026-08-11T18:58:13Z 42.83 32.39 22.29
2026-08-11T18:58:43Z 41.71 33.11 22.85
2026-08-11T18:59:13Z 40.92 33.76 23.39
2026-08-11T18:59:43Z 42.85 34.88 24.09
2026-08-11T19:00:13Z 47.13 36.75 25.07
2026-08-11T19:00:43Z 49.93 38.39 25.98
2026-08-11T19:01:13Z 47.67 39.00 26.58
2026-08-11T19:01:43Z 51.07 40.62 27.51
2026-08-11T19:02:13Z 55.73 42.68 28.61
2026-08-11T19:02:43Z 58.13 44.54 29.68
2026-08-11T19:03:13Z 59.88 46.32 30.75
2026-08-11T19:03:43Z 57.35 47.00 31.48
2026-08-11T19:04:13Z 55.94 47.57 32.15
2026-08-11T19:04:43Z 55.65 48.42 32.94
2026-08-11T19:05:13Z 54.44 48.83 33.57
