2026-08-11T19:14:29Z 56.30 49.36 40.37
2026-08-11T19:14:59Z 56.12 50.07 40.90
2026-08-11T19:15:29Z 55.18 50.40 41.30
2026-08-11T19:15:59Z 54.28 50.57 41.65
2026-08-11T19:16:29Z 52.16 50.41 41.88
2026-08-11T19:16:59Z 50.07 50.07 42.04
2026-08-11T19:17:29Z 46.96 49.35 42.05
2026-08-11T19:17:59Z 48.18 49.40 42.30
2026-08-11T19:18:29Z 47.63 49.19 42.46
2026-08-11T19:18:59Z 45.29 48.46 42.43
2026-08-11T19:19:29Z 44.13 47.94 42.46
2026-08-11T19:19:59Z 42.31 47.12 42.35
2026-08-11T19:20:29Z 41.98 46.58 42.33
2026-08-11T19:20:59Z 47.85 47.56 42.79
2026-08-11T19:21:29Z 45.93 47.18 42.82
2026-08-11T19:21:59Z 48.96 47.81 43.17
2026-08-11T19:22:29Z 47.05 47.51 43.22
2026-08-11T19:22:59Z 46.75 47.38 43.31
2026-08-11T19:23:29Z 46.32 47.22 43.39
2026-08-11T19:23:59Z 38.33 45.34 42.89
2026-08-11T19:24:29Z 30.36 42.74 42.11
2026-08-11T19:24:59Z 23.04 39.77 41.14
2026-08-11T19:25:29Z 19.09 37.27 40.26
2026-08-11T19:25:59Z 18.03 35.24 39.49
2026-08-11T19:26:29Z 17.50 33.50 38.78
2026-08-11T19:26:59Z 16.19 31.62 37.98
2026-08-11T19:27:29Z 14.60 29.79 37.17
2026-08-11T19:27:59Z 13.18 27.98 36.33
2026-08-11T19:28:29Z 11.94 26.26 35.49
2026-08-11T19:28:59Z 13.04 25.16 34.83
2026-08-11T19:29:29Z 13.87 24.24 34.22
2026-08-11T19:29:59Z 17.65 24.24 33.91
2026-08-11T19:30:29Z 15.67 23.08 33.21
2026-08-11T19:30:59Z 18.60 23.13 32.90
2026-08-11T19:31:29Z 22.17 23.57 32.74
