2026-08-11T19:43:28Z 28.42 20.42 24.68
2026-08-11T19:43:58Z 34.75 22.71 25.30
2026-08-11T19:44:28Z 37.59 24.61 25.86
2026-08-11T19:44:58Z 38.06 25.99 26.28
2026-08-11T19:45:28Z 36.63 26.79 26.54
2026-08-11T19:45:58Z 36.80 27.77 26.87
2026-08-11T19:46:28Z 35.15 28.28 27.08
2026-08-11T19:46:58Z 34.19 28.68 27.25
2026-08-11T19:47:28Z 33.76 29.11 27.44
2026-08-11T19:47:58Z 40.37 31.23 28.20
2026-08-11T19:48:28Z 39.70 31.95 28.54
2026-08-11T19:48:58Z 31.23 30.65 28.21
2026-08-11T19:49:28Z 26.58 29.70 27.98
2026-08-11T19:49:58Z 20.95 27.98 27.46
2026-08-11T19:50:28Z 15.47 25.99 26.82
2026-08-11T19:50:58Z 13.14 24.44 26.27
2026-08-11T19:51:28Z 12.05 23.08 25.76
