2026-08-11T17:28:30Z 8.51 9.30 14.61
2026-08-11T17:29:00Z 12.16 10.11 14.71
2026-08-11T17:29:30Z 16.55 11.46 15.02
2026-08-11T17:30:00Z 22.35 13.26 15.50
2026-08-11T17:30:30Z 22.22 14.08 15.70
2026-08-11T17:31:00Z 18.98 14.03 15.63
2026-08-11T17:31:30Z 17.20 14.08 15.60
2026-08-11T17:32:00Z 16.34 14.17 15.58
2026-08-11T17:32:30Z 13.86 13.80 15.41
2026-08-11T17:33:00Z 13.84 13.80 15.35
2026-08-11T17:33:30Z 16.08 14.32 15.48
2026-08-11T17:34:00Z 14.74 14.17 15.39
2026-08-11T17:34:30Z 13.30 13.86 15.25
2026-08-11T17:35:00Z 11.69 13.40 15.05
2026-08-11T17:35:30Z 11.11 13.09 14.89
2026-08-11T17:36:00Z 9.82 12.60 14.67
2026-08-11T17:36:30Z 9.00 12.14 14.45
2026-08-11T17:37:00Z 8.37 11.69 14.23
2026-08-11T17:37:30Z 8.99 11.53 14.09
2026-08-11T17:38:00Z 17.05 13.14 14.54
2026-08-11T17:38:30Z 12.93 12.52 14.29
2026-08-11T17:39:00Z 12.68 12.47 14.21
2026-08-11T17:39:30Z 12.06 12.35 14.12
2026-08-11T17:40:00Z 12.11 12.39 14.08
2026-08-11T17:40:30Z 13.62 12.68 14.12
2026-08-11T17:41:00Z 13.30 12.65 14.06
2026-08-11T17:41:30Z 12.10 12.45 13.95
2026-08-11T17:42:00Z 12.42 12.53 13.93
2026-08-11T17:42:30Z 12.49 12.54 13.89
2026-08-11T17:43:00Z 17.40 13.75 14.25
2026-08-11T17:43:30Z 20.35 14.78 14.57
2026-08-11T17:44:00Z 18.81 15.00 14.66
2026-08-11T17:44:30Z 20.36 15.90 14.97
2026-08-11T17:45:00Z 26.61 17.66 15.58
2026-08-11T17:45:30Z 34.95 20.55 16.61
2026-08-11T17:46:00Z 39.64 23.00 17.55
2026-08-11T17:46:30Z 41.54 25.08 18.42
2026-08-11T17:47:00Z 41.54 26.64 19.15
2026-08-11T17:47:30Z 41.62 28.07 19.86
2026-08-11T17:48:00Z 43.59 29.91 20.74
2026-08-11T17:48:30Z 42.85 31.04 21.40
2026-08-11T17:49:00Z 39.37 31.26 21.78
2026-08-11T17:49:30Z 31.97 30.31 21.77
2026-08-11T17:50:00Z 24.11 28.58 21.47
2026-08-11T17:50:30Z 24.13 28.13 21.55
2026-08-11T17:51:00Z 24.50 27.85 21.66
2026-08-11T17:51:30Z 19.26 26.30 21.35
2026-08-11T17:52:00Z 14.78 24.53 20.91
2026-08-11T17:52:30Z 12.25 22.99 20.51
2026-08-11T17:53:00Z 10.17 21.45 20.08
2026-08-11T17:53:30Z 11.20 20.66 19.86
2026-08-11T17:54:00Z 10.13 19.50 19.50
2026-08-11T17:54:30Z 9.08 18.36 19.12
2026-08-11T17:55:00Z 8.07 17.24 18.72
2026-08-11T17:55:30Z 11.63 17.23 18.67
